0 41453 m2 210166 -0.000246025 0.5 p1 42 274
1 16955 m1 443919 0 0.5 p1 18 350
2 11427 m2 64142 -0.000158116 0.5 p1 12 358
3 104972 m1 112796 0 0.5 p1 106 393
4 4907 m1 604166 0 0.5 p1 5 397
5 8405 m1 158743 0 0.5 p1 9 407
6 1028 m1 666375 0 0.5 p1 2 426
7 3348 m2 264557 -3.74039e-05 0.5 p1 4 431
8 25855 m2 377141 -9.84848e-06 0.5 p1 27 475
9 24741 m2 377584 -0.00396758 0.5 p1 26 475
10 174546 m2 855129 -0.0036025 0.5 p1 176 483
11 119486 m1 819664 0 0.5 p1 120 497
12 10103 m1 572184 0 0.5 p1 11 508
13 41888 m1 898614 0 0.5 p1 43 509
14 76554 m1 602851 0 0.5 p1 77 512
15 28628 m1 838293 0 0.5 p1 30 512
16 124038 m1 840736 0 0.5 p1 125 512
17 27585 m2 840877 -0.00215411 0.5 p1 29 512
18 294618 m2 841158 -0.00488571 0.5 p1 296 525
19 77083 m1 521889 0 0.5 p1 78 540
20 69071 m2 940171 -0.000677143 0.5 p1 70 540
21 6386 m1 538806 0 0.5 p1 7 541
22 13189 m1 424884 0 0.5 p1 14 544
23 104803 m1 456890 0 0.5 p1 106 546
24 66351 m1 754522 0 0.5 p1 67 564
25 35094 m1 936213 0 0.5 p1 36 565
26 153051 m1 414065 0 0.5 p1 154 566
27 286497 m1 414137 0 0.5 p1 288 566
28 188744 m1 461520 0 0.5 p1 190 573
29 201230 m2 224950 -0.000190366 0.5 p1 202 579
30 192483 m1 614880 0 0.5 p1 193 581
31 90211 m1 633858 0 0.5 p1 91 588
32 211828 m1 417204 0 0.5 p1 213 592
33 172696 m1 419196 0 0.5 p1 174 592
34 313482 m1 419364 0 0.5 p1 315 592
35 93988 m2 591905 -4.76344e-06 0.5 p1 95 595
36 55681 m2 228532 -0.000233576 0.5 p1 57 601
37 207223 m2 418991 -0.000678762 0.5 p1 208 620
38 360943 m1 816173 0 0.5 p1 362 626
39 15724 m2 66498 -0.0032735 0.5 p1 16 629
40 347915 m1 664161 0 0.5 p1 349 629
41 20103 m1 245433 0 0.5 p1 21 642
42 259095 m2 283201 -1.93882e-07 0.5 p1 261 645
43 70067 m1 26521 0 0.5 p1 71 650
44 31227 m1 156507 0 0.5 p1 32 664
45 188886 m1 798421 0 0.5 p1 190 672
46 85775 m1 405704 0 0.5 p1 87 675
47 120372 m1 979758 0 0.5 p1 121 693
48 259525 m2 453738 -0.00135853 0.5 p1 261 701
49 291244 m1 556745 0 0.5 p1 292 707
50 233407 m2 286193 -2.62114e-07 0.5 p1 235 713
51 440419 m1 317376 0 0.5 p1 441 715
52 346397 m1 377060 0 0.5 p1 347 715
53 359299 m2 564831 -0.00348575 0.5 p1 360 720
54 88760 m1 776202 0 0.5 p1 90 720
55 223687 m1 97025 0 0.5 p1 225 728
56 254240 m2 101561 -3.10019e-05 0.5 p1 256 728
57 173871 m1 868923 0 0.5 p1 175 736
58 72215 m1 492200 0 0.5 p1 73 740
59 200596 m2 476813 -0.000185985 0.5 p1 201 756
60 77527 m2 472009 -0.000424071 0.5 p1 78 765
61 435278 m1 472640 0 0.5 p1 436 765
62 195956 m1 409130 0 0.5 p1 197 766
63 239684 m1 409677 0 0.5 p1 241 766
64 39261 m1 427506 0 0.5 p1 40 767
65 304018 m2 443386 -3.08047e-06 0.5 p1 305 768
66 230898 m2 277258 -0.00356832 0.5 p1 232 774
67 398228 m1 569042 0 0.5 p1 399 777
68 384009 m1 569175 0 0.5 p1 385 777
69 229562 m1 68003 0 0.5 p1 231 781
70 102968 m1 298426 0 0.5 p1 104 781
71 522430 m2 810068 -0.00145597 0.5 p1 523 785
72 387655 m1 811866 0 0.5 p1 389 785
73 229855 m1 336072 0 0.5 p1 231 789
74 415679 m2 301039 -0.000190794 0.5 p1 416 790
75 170814 m1 562694 0 0.5 p1 172 798
76 35545 m2 642237 -0.000193988 0.5 p1 37 799
77 13173 m2 644738 -0.00141494 0.5 p1 14 803
78 32415 m1 944635 0 0.5 p1 33 803
79 29874 m1 861939 0 0.5 p1 31 806
80 110304 m2 873734 -7.91955e-09 0.5 p1 111 808
81 438523 m1 147342 0 0.5 p1 439 815
82 271915 m2 353340 -0.00482708 0.5 p1 273 817
83 309574 m1 654699 0 0.5 p1 311 822
84 261822 m2 654815 -3.60477e-05 0.5 p1 263 822
85 87258 m1 549440 0 0.5 p1 88 826
86 138519 m1 657815 0 0.5 p1 139 832
87 501683 m2 651090 -1.4288e-05 0.5 p1 502 834
88 574417 m1 863788 0 0.5 p1 575 834
89 475800 m1 864998 0 0.5 p1 477 834
90 70373 m1 203048 0 0.5 p1 71 836
91 257283 m1 627611 0 0.5 p1 259 839
92 125415 m1 787333 0 0.5 p1 126 840
93 255021 m1 677510 0 0.5 p1 256 843
94 635521 m1 749582 0 0.5 p1 636 844
95 649735 m2 657177 -0.000690771 0.5 p1 650 846
96 374393 m1 895317 0 0.5 p1 375 850
97 123609 m2 711894 -0.000463256 0.5 p1 125 857
98 323793 m1 280740 0 0.5 p1 325 878
99 156259 m2 261487 -0.00023429 0.5 p1 157 880
100 659002 m1 868547 0 0.5 p1 659 884
101 394582 m1 671267 0 0.5 p1 395 893
102 590002 m1 635843 0 0.5 p1 591 894
103 287300 m1 615033 0 0.5 p1 289 897
104 481139 m1 617042 0 0.5 p1 482 897
105 687518 m1 663303 0 0.5 p1 688 897
106 416505 m1 928543 0 0.5 p1 417 898
107 628079 m1 878166 0 0.5 p1 629 903
108 125944 m1 173906 0 0.5 p1 127 924
109 222516 m2 168208 -0.00330294 0.5 p1 224 925
110 187969 m2 168386 -0.000275165 0.5 p1 189 925
111 325863 m1 257574 0 0.5 p1 327 925
112 204706 m1 91376 0 0.5 p1 206 926
113 641124 m1 635448 0 0.5 p1 641 929
114 403067 m1 254748 0 0.5 p1 404 930
115 449001 m2 445926 -0.00235278 0.5 p1 450 931
116 210592 m1 447036 0 0.5 p1 212 931
117 228660 m1 447559 0 0.5 p1 230 931
118 654768 m1 549275 0 0.5 p1 655 936
119 608759 m2 550436 -9.9723e-06 0.5 p1 609 936
120 535701 m2 592434 -0.00267934 0.5 p1 536 941
121 262132 m2 349660 -0.000558362 0.5 p1 264 944
122 142915 m2 32845 -0.00146582 0.5 p1 144 947
123 449704 m2 967662 -0.000212624 0.5 p1 450 951
124 201914 m1 495832 0 0.5 p1 203 952
125 325723 m1 497373 0 0.5 p1 327 952
126 653292 m1 310619 0 0.5 p1 653 953
127 627175 m1 310824 0 0.5 p1 628 953
128 548562 m1 994937 0 0.5 p1 549 971
129 452606 m1 356105 0 0.5 p1 453 972
130 577515 m1 397290 0 0.5 p1 578 980
131 800 m1 179362 0 0.5 p1 1 997
132 109131 m1 691952 0 0.5 p1 110 1004
133 127153 m1 288591 0 0.5 p1 128 1011
134 86882 m1 142774 0 0.5 p1 88 1016
135 530691 m1 143465 0 0.5 p1 531 1016
136 534902 m2 793062 -0.00118152 0.5 p1 535 1018
137 492891 m1 278205 0 0.5 p1 494 1026
138 153815 m1 722019 0 0.5 p1 155 1028
139 314202 m2 308435 -1.03569e-05 0.5 p1 315 1029
140 407456 m2 388284 -2.43422e-06 0.5 p1 408 1030
141 359162 m2 166843 -5.77837e-07 0.5 p1 360 1034
142 347564 m2 167148 -1.09459e-05 0.5 p1 348 1034
143 643957 m2 289763 -0.00267545 0.5 p1 644 1034
144 268910 m1 743227 0 0.5 p1 270 1037
145 405494 m1 684007 0 0.5 p1 406 1039
146 116465 m2 745310 -0.000928697 0.5 p1 117 1039
147 25340 m1 430151 0 0.5 p1 26 1040
148 663560 m1 940611 0 0.5 p1 664 1050
149 376691 m2 461142 -0.000611554 0.5 p1 377 1051
150 520779 m1 462314 0 0.5 p1 521 1051
151 352535 m1 112944 0 0.5 p1 353 1055
152 598960 m1 594501 0 0.5 p1 599 1067
153 798751 m1 463421 0 0.5 p1 799 1073
154 494057 m1 380193 0 0.5 p1 495 1076
155 223235 m1 383199 0 0.5 p1 224 1076
156 419371 m1 715855 0 0.5 p1 420 1077
157 689142 m2 487749 -0.00136555 0.5 p1 689 1079
158 357792 m1 870734 0 0.5 p1 359 1079
159 552802 m2 265442 -4.59965e-05 0.5 p1 553 1083
160 116854 m1 890231 0 0.5 p1 118 1084
161 145361 m1 437348 0 0.5 p1 146 1088
162 788136 m2 428333 -0.000593028 0.5 p1 788 1089
163 753160 m1 785291 0 0.5 p1 753 1089
164 722561 m1 785593 0 0.5 p1 723 1089
165 845930 m2 489646 -2.76675e-05 0.5 p1 846 1094
166 541638 m1 76496 0 0.5 p1 542 1095
167 407344 m1 545158 0 0.5 p1 408 1097
168 428527 m2 760172 -0.00129959 0.5 p1 429 1100
169 682868 m2 761769 -3.1614e-05 0.5 p1 683 1100
170 463908 m1 148495 0 0.5 p1 464 1102
171 544704 m1 36597 0 0.5 p1 545 1103
172 690392 m1 561203 0 0.5 p1 690 1104
173 615213 m1 496802 0 0.5 p1 616 1108
174 276439 m2 881528 -0.00339249 0.5 p1 278 1108
175 3182 m2 698541 -0.000411663 0.5 p1 4 1109
176 696703 m1 933093 0 0.5 p1 697 1109
177 704190 m1 661672 0 0.5 p1 704 1112
178 691607 m2 811454 -2.21898e-05 0.5 p1 692 1118
179 627124 m1 469781 0 0.5 p1 627 1126
180 447521 m1 470908 0 0.5 p1 448 1126
181 802794 m1 473521 0 0.5 p1 803 1126
182 739575 m2 473771 -0.000594207 0.5 p1 740 1126
183 500802 m1 475209 0 0.5 p1 501 1126
184 721344 m1 475662 0 0.5 p1 722 1126
185 609718 m1 558020 0 0.5 p1 610 1127
186 796627 m1 228374 0 0.5 p1 797 1129
187 887355 m2 228598 -0.000878161 0.5 p1 887 1129
188 844429 m1 256514 0 0.5 p1 844 1129
189 415390 m1 89451 0 0.5 p1 416 1133
190 802656 m2 812075 -0.00029355 0.5 p1 803 1138
191 15175 m1 710271 0 0.5 p1 16 1141
192 895388 m2 230202 -0.000777399 0.5 p1 895 1143
193 912774 m1 230844 0 0.5 p1 913 1143
194 521923 m1 914428 0 0.5 p1 522 1143
195 718270 m2 513869 -0.00141407 0.5 p1 718 1152
196 578363 m2 509798 -0.00255603 0.5 p1 579 1158
197 170275 m1 510390 0 0.5 p1 171 1158
198 825899 m1 251736 0 0.5 p1 826 1159
199 328652 m2 514189 -4.35167e-05 0.5 p1 330 1160
200 462866 m1 800634 0 0.5 p1 463 1161
201 724016 m2 276332 -1.12951e-06 0.5 p1 724 1164
202 500278 m1 510835 0 0.5 p1 501 1167
203 878091 m2 752844 -0.000662197 0.5 p1 878 1174
204 750341 m2 452684 -0.00140506 0.5 p1 750 1181
205 442471 m1 804374 0 0.5 p1 443 1181
206 750263 m2 804557 -0.00151828 0.5 p1 750 1181
207 628039 m1 522184 0 0.5 p1 628 1183
208 641746 m1 319066 0 0.5 p1 642 1186
209 840195 m1 754894 0 0.5 p1 840 1189
210 735201 m2 91501 -0.00760178 0.5 p1 736 1192
211 609569 m1 238155 0 0.5 p1 610 1193
212 688288 m1 13749 0 0.5 p1 688 1198
213 645252 m2 202879 -1.17197e-05 0.5 p1 645 1201
214 875960 m1 359979 0 0.5 p1 876 1205
215 508827 m1 485692 0 0.5 p1 510 1206
216 267244 m2 486348 -0.0011546 0.5 p1 269 1206
217 906132 m1 487877 0 0.5 p1 906 1206
218 563412 m1 253948 0 0.5 p1 564 1213
219 587216 m2 254702 -3.48544e-05 0.5 p1 588 1213
220 198009 m1 321229 0 0.5 p1 199 1215
221 451589 m1 321833 0 0.5 p1 452 1215
222 257303 m1 323440 0 0.5 p1 259 1215
223 286900 m1 176065 0 0.5 p1 288 1216
224 682190 m1 362298 0 0.5 p1 682 1221
225 765899 m1 363417 0 0.5 p1 766 1221
226 681155 m2 130757 -0.000442211 0.5 p1 681 1223
227 547945 m2 216698 -0.0173548 0.5 p1 548 1228
228 363298 m1 849849 0 0.5 p1 364 1231
229 312411 m1 174528 0 0.5 p1 314 1235
230 764808 m2 214788 -8.24782e-05 0.5 p1 765 1245
231 6180 m2 795943 -5.89243e-05 0.5 p1 7 1245
232 392100 m2 807230 -0.00132398 0.5 p1 393 1246
233 235669 m2 807324 -0.00448832 0.5 p1 237 1246
234 408804 m1 291630 0 0.5 p1 409 1247
235 663561 m2 941640 -0.00234326 0.5 p1 664 1249
236 496898 m1 362230 0 0.5 p1 498 1250
237 622513 m1 152220 0 0.5 p1 623 1251
238 982933 m2 454491 -0.011486 0.5 p1 983 1251
239 527447 m2 675585 -0.0012716 0.5 p1 528 1251
240 823970 m2 677049 -6.21489e-05 0.5 p1 824 1251
241 565016 m2 679861 -0.00179303 0.5 p1 565 1251
242 15499 m2 681405 -0.00199396 0.5 p1 16 1251
243 813446 m1 686852 0 0.5 p1 813 1256
244 1015069 m2 693778 -2.49075e-06 0.5 p1 1015 1256
245 590512 m2 610827 -2.38041e-06 0.5 p1 591 1257
246 837332 m1 664651 0 0.5 p1 837 1257
247 708445 m1 776777 0 0.5 p1 709 1258
248 457244 m1 193909 0 0.5 p1 458 1260
249 738801 m1 199885 0 0.5 p1 739 1261
250 275461 m1 506784 0 0.5 p1 277 1262
251 355088 m2 509391 -0.000114368 0.5 p1 356 1262
252 1005713 m1 868643 0 0.5 p1 1006 1264
253 1030029 m2 227157 -8.11162e-07 0.5 p1 1030 1267
254 513878 m1 981952 0 0.5 p1 515 1269
255 1011997 m1 753698 0 0.5 p1 1012 1270
256 302207 m1 891315 0 0.5 p1 303 1272
257 713630 m2 891962 -0.0098301 0.5 p1 714 1272
258 969615 m1 217305 0 0.5 p1 970 1282
259 291815 m1 524746 0 0.5 p1 293 1283
260 882300 m1 257389 0 0.5 p1 882 1287
261 696702 m2 928028 -0.00202174 0.5 p1 697 1289
262 751237 m2 816984 -0.00100799 0.5 p1 751 1301
263 821894 m2 961611 -0.000462556 0.5 p1 822 1303
264 433233 m1 25646 0 0.5 p1 434 1305
265 721573 m1 844832 0 0.5 p1 722 1313
266 519047 m1 845017 0 0.5 p1 520 1313
267 557318 m2 47599 -0.00211149 0.5 p1 558 1314
268 876982 m1 184552 0 0.5 p1 877 1314
269 477732 m1 185568 0 0.5 p1 479 1314
270 48459 m1 187593 0 0.5 p1 49 1314
271 881962 m1 188129 0 0.5 p1 882 1314
272 31144 m1 139386 0 0.5 p1 32 1327
273 1049980 m1 143094 0 0.5 p1 1050 1327
274 1042145 m2 199909 -1.53994e-05 0.5 p1 1042 1327
275 933802 m1 200245 0 0.5 p1 934 1327
276 898669 m2 850876 -0.000120661 0.5 p1 898 1329
277 987272 m1 525508 0 0.5 p1 987 1331
278 1002459 m1 449447 0 0.5 p1 1002 1334
279 657909 m2 332968 -1.77597e-05 0.5 p1 658 1335
280 1058258 m1 849285 0 0.5 p1 1058 1335
281 875795 m2 36319 -0.00919365 0.5 p1 876 1340
282 1102798 m2 867974 -2.90707e-05 0.5 p1 1103 1345
283 776098 m2 880623 -0.000998808 0.5 p1 776 1345
284 137507 m1 966456 0 0.5 p1 138 1346
285 285568 m1 971208 0 0.5 p1 287 1346
286 565044 m2 116003 -0.00220206 0.5 p1 565 1347
287 540252 m1 721291 0 0.5 p1 541 1353
288 718183 m1 723871 0 0.5 p1 718 1353
289 451074 m2 69245 -4.41916e-06 0.5 p1 452 1356
290 432084 m1 70989 0 0.5 p1 433 1356
291 1095976 m2 792594 -0.000234463 0.5 p1 1096 1357
292 714959 m1 903054 0 0.5 p1 715 1364
293 49263 m1 905174 0 0.5 p1 50 1364
294 536211 m1 910257 0 0.5 p1 537 1364
295 653722 m1 911229 0 0.5 p1 654 1364
296 758563 m1 912140 0 0.5 p1 759 1364
297 926772 m1 497374 0 0.5 p1 927 1365
298 752586 m1 994105 0 0.5 p1 753 1366
299 571426 m2 331040 -0.00301021 0.5 p1 572 1367
300 1080577 m2 475429 -0.0138416 0.5 p1 1081 1367
301 1083006 m2 918079 -3.95484e-07 0.5 p1 1083 1368
302 1142222 m1 233677 0 0.5 p1 1142 1369
303 496995 m2 117124 -4.81958e-05 0.5 p1 498 1371
304 672109 m1 343785 0 0.5 p1 672 1374
305 840820 m2 345778 -6.34622e-05 0.5 p1 841 1374
306 1020588 m1 460417 0 0.5 p1 1020 1375
307 70110 m2 994502 -0.00075988 0.5 p1 71 1378
308 1086387 m2 497139 -0.000204119 0.5 p1 1087 1379
309 701165 m1 499373 0 0.5 p1 701 1379
310 661123 m1 499430 0 0.5 p1 661 1379
311 716082 m1 501119 0 0.5 p1 716 1379
312 1073316 m1 944026 0 0.5 p1 1073 1381
313 925549 m1 433969 0 0.5 p1 925 1384
314 151043 m1 7872 0 0.5 p1 152 1385
315 884063 m1 8704 0 0.5 p1 884 1385
316 596482 m1 487081 0 0.5 p1 597 1386
317 354121 m1 96575 0 0.5 p1 355 1391
318 1014670 m2 611588 -0.00136244 0.5 p1 1015 1393
319 874322 m2 617850 -0.00155035 0.5 p1 874 1393
320 349579 m1 825726 0 0.5 p1 350 1395
321 612868 m1 825969 0 0.5 p1 613 1395
322 1060859 m2 238246 -0.000242555 0.5 p1 1060 1398
323 878299 m2 814171 -0.00133387 0.5 p1 878 1400
324 692594 m1 830178 0 0.5 p1 693 1400
325 704639 m1 830412 0 0.5 p1 705 1400
326 534863 m1 835350 0 0.5 p1 535 1400
327 418436 m1 969658 0 0.5 p1 419 1409
328 1132952 m1 982743 0 0.5 p1 1133 1413
329 748138 m2 937350 -0.00108033 0.5 p1 748 1418
330 1085746 m1 938877 0 0.5 p1 1086 1418
331 317780 m1 997024 0 0.5 p1 319 1418
332 1091159 m1 445210 0 0.5 p1 1091 1419
333 1081951 m1 826142 0 0.5 p1 1082 1419
334 1049896 m1 276423 0 0.5 p1 1050 1420
335 416861 m2 102486 -0.00204872 0.5 p1 418 1422
336 1034878 m2 587310 -0.00736512 0.5 p1 1035 1432
337 961294 m1 490767 0 0.5 p1 961 1433
338 826560 m2 626678 -1.34873e-07 0.5 p1 826 1433
339 1164492 m1 399527 0 0.5 p1 1164 1436
340 1199212 m1 917827 0 0.5 p1 1199 1437
341 852642 m2 63104 -2.46421e-05 0.5 p1 852 1442
342 598249 m1 358911 0 0.5 p1 599 1447
343 1086833 m1 690241 0 0.5 p1 1087 1452
344 988982 m1 691558 0 0.5 p1 989 1452
345 598640 m1 692156 0 0.5 p1 599 1452
346 880133 m1 442260 0 0.5 p1 880 1454
347 1098604 m1 443041 0 0.5 p1 1099 1454
348 1128894 m2 268089 -0.00685589 0.5 p1 1129 1460
349 849655 m1 411615 0 0.5 p1 850 1461
350 478403 m1 411658 0 0.5 p1 479 1461
351 871806 m1 412423 0 0.5 p1 872 1461
352 610393 m2 412547 -5.13132e-05 0.5 p1 611 1461
353 509945 m1 413894 0 0.5 p1 511 1461
354 1064691 m1 973657 0 0.5 p1 1064 1461
355 679411 m2 974533 -1.62917e-06 0.5 p1 679 1461
356 1002836 m1 377548 0 0.5 p1 1003 1465
357 1083070 m1 795892 0 0.5 p1 1083 1469
358 635516 m1 55565 0 0.5 p1 636 1481
359 45873 m1 193066 0 0.5 p1 47 1492
360 980929 m1 195916 0 0.5 p1 981 1492
361 1112473 m2 200132 -0.00135977 0.5 p1 1112 1492
362 678814 m1 156580 0 0.5 p1 679 1496
363 1214827 m1 589308 0 0.5 p1 1215 1501
364 967766 m2 110511 -0.000836012 0.5 p1 968 1503
365 1111701 m2 425138 -9.38363e-06 0.5 p1 1112 1506
366 907213 m2 68983 -0.00468286 0.5 p1 907 1507
367 865825 m1 350402 0 0.5 p1 866 1509
368 378427 m2 998149 -0.00115267 0.5 p1 379 1514
369 463465 m1 261946 0 0.5 p1 464 1519
370 1319690 m1 961246 0 0.5 p1 1319 1533
371 1135833 m1 343939 0 0.5 p1 1136 1537
372 682208 m1 702901 0 0.5 p1 682 1537
373 1039437 m1 693651 0 0.5 p1 1039 1538
374 644661 m1 728636 0 0.5 p1 645 1540
375 887291 m2 559272 -0.000397201 0.5 p1 887 1541
376 1157605 m1 740777 0 0.5 p1 1157 1543
377 1074535 m1 292996 0 0.5 p1 1074 1544
378 985036 m1 549679 0 0.5 p1 985 1544
379 1243809 m2 424753 -0.00143342 0.5 p1 1244 1550
380 1058841 m1 436835 0 0.5 p1 1059 1550
381 1084563 m1 438028 0 0.5 p1 1085 1550
382 508593 m2 439411 -1.07265e-07 0.5 p1 509 1550
383 915261 m2 799164 -0.000525121 0.5 p1 915 1550
384 1136735 m1 224312 0 0.5 p1 1136 1555
385 976532 m1 877942 0 0.5 p1 976 1565
386 995327 m1 631229 0 0.5 p1 995 1566
387 800245 m1 725467 0 0.5 p1 800 1566
388 1053977 m1 636705 0 0.5 p1 1054 1574
389 1073036 m1 639306 0 0.5 p1 1073 1574
390 1198421 m1 846747 0 0.5 p1 1198 1574
391 19803 m1 18654 0 0.5 p1 21 1576
392 910718 m1 18739 0 0.5 p1 911 1576
393 1133698 m1 124874 0 0.5 p1 1133 1576
394 1140816 m1 501393 0 0.5 p1 1141 1576
395 675448 m2 951064 -1.0578e-07 0.5 p1 675 1578
396 720072 m1 125540 0 0.5 p1 720 1582
397 347563 m1 126108 0 0.5 p1 348 1582
398 1119794 m2 720019 -0.000627116 0.5 p1 1120 1589
399 1141809 m2 723082 -9.70385e-05 0.5 p1 1142 1589
400 1240804 m2 723418 -0.000154902 0.5 p1 1241 1589
401 1016030 m2 280078 -5.80195e-06 0.5 p1 1016 1590
402 870796 m2 281726 -0.00119113 0.5 p1 871 1590
403 796108 m1 791915 0 0.5 p1 796 1594
404 1162305 m1 778514 0 0.5 p1 1162 1598
405 1096320 m1 812489 0 0.5 p1 1097 1604
406 1162781 m1 813176 0 0.5 p1 1162 1604
407 1162125 m1 816388 0 0.5 p1 1162 1604
408 961270 m2 626689 -0.00169432 0.5 p1 961 1607
409 1176130 m1 71995 0 0.5 p1 1176 1608
410 1223647 m1 109844 0 0.5 p1 1223 1608
411 563552 m1 107945 0 0.5 p1 564 1609
412 1158238 m1 213821 0 0.5 p1 1158 1616
413 1088781 m1 213992 0 0.5 p1 1089 1616
414 1015101 m1 19338 0 0.5 p1 1015 1617
415 1055557 m1 540497 0 0.5 p1 1055 1626
416 1214117 m1 905490 0 0.5 p1 1214 1634
417 1198408 m1 270631 0 0.5 p1 1198 1637
418 811895 m2 86577 -5.83087e-05 0.5 p1 812 1655
419 1234498 m1 113113 0 0.5 p1 1234 1655
420 504243 m1 571573 0 0.5 p1 505 1658
421 953588 m2 595494 -2.55909e-06 0.5 p1 954 1659
422 1129010 m1 596868 0 0.5 p1 1129 1659
423 1306108 m1 628110 0 0.5 p1 1306 1659
424 692781 m1 478310 0 0.5 p1 693 1664
425 1086219 m1 629645 0 0.5 p1 1086 1670
426 1156511 m1 857136 0 0.5 p1 1156 1672
427 598325 m1 854481 0 0.5 p1 599 1677
428 1153547 m1 808580 0 0.5 p1 1153 1684
429 688834 m1 622065 0 0.5 p1 689 1691
430 840985 m1 622243 0 0.5 p1 841 1691
431 550826 m1 530480 0 0.5 p1 551 1698
432 1151377 m1 662044 0 0.5 p1 1151 1699
433 738539 m1 73945 0 0.5 p1 739 1712
434 1388112 m1 694456 0 0.5 p1 1388 1715
435 1056867 m1 135685 0 0.5 p1 1057 1718
436 1406025 m1 828845 0 0.5 p1 1406 1721
437 1033014 m1 859627 0 0.5 p1 1033 1722
438 1168844 m1 457279 0 0.5 p1 1168 1725
439 762208 m1 175337 0 0.5 p1 762 1729
440 1362747 m1 211257 0 0.5 p1 1363 1730
441 1422000 m1 830427 0 0.5 p1 1422 1733
442 1331683 m1 830912 0 0.5 p1 1331 1733
443 1162716 m2 842116 -4.85632e-05 0.5 p1 1162 1735
444 1068078 m1 205798 0 0.5 p1 1068 1736
445 142981 m1 138880 0 0.5 p1 144 1737
446 1137787 m1 85019 0 0.5 p1 1137 1746
447 1109493 m2 85951 -0.00574925 0.5 p1 1110 1746
448 962405 m1 86298 0 0.5 p1 962 1746
449 912643 m1 313437 0 0.5 p1 913 1746
450 1250297 m2 473399 -0.00981987 0.5 p1 1250 1746
451 662493 m2 80382 -3.00697e-05 0.5 p1 663 1747
452 1227254 m1 320066 0 0.5 p1 1227 1752
453 752067 m2 325024 -0.0093488 0.5 p1 752 1752
454 1129819 m2 326742 -8.84273e-06 0.5 p1 1130 1752
455 599587 m1 987859 0 0.5 p1 600 1755
456 1160903 m2 117145 -0.00385885 0.5 p1 1161 1758
457 735054 m1 209208 0 0.5 p1 735 1761
458 1210532 m2 306471 -3.63896e-05 0.5 p1 1210 1767
459 1360218 m2 315649 -0.000233424 0.5 p1 1360 1767
460 1297861 m1 83492 0 0.5 p1 1298 1770
461 615516 m1 162661 0 0.5 p1 616 1771
462 1415209 m2 82462 -9.70971e-08 0.5 p1 1415 1772
463 1282741 m2 349260 -3.41862e-11 0.5 p1 1283 1775
464 1456345 m1 882381 0 0.5 p1 1456 1776
465 1177947 m1 907210 0 0.5 p1 1178 1780
466 1380548 m1 226066 0 0.5 p1 1380 1786
467 1301455 m2 229787 -0.000594323 0.5 p1 1301 1786
468 1248334 m1 753465 0 0.5 p1 1248 1788
469 1379782 m1 63759 0 0.5 p1 1380 1799
470 674374 m2 167854 -0.000155404 0.5 p1 674 1799
471 1414856 m1 441475 0 0.5 p1 1415 1802
472 1349296 m1 442351 0 0.5 p1 1349 1805
473 1332903 m2 525196 -0.0030314 0.5 p1 1333 1806
474 1278731 m1 926819 0 0.5 p1 1278 1806
475 1074292 m2 131470 -0.00126444 0.5 p1 1074 1811
476 1129009 m1 565781 0 0.5 p1 1129 1817
477 1289404 m2 181656 -0.00140127 0.5 p1 1289 1824
478 1226206 m1 193962 0 0.5 p1 1226 1824
479 1017272 m1 27280 0 0.5 p1 1017 1826
480 1118811 m2 27605 -0.00394392 0.5 p1 1119 1826
481 1311175 m2 31678 -0.00121843 0.5 p1 1311 1826
482 1574527 m1 443788 0 0.5 p1 1574 1830
483 1218509 m1 96007 0 0.5 p1 1218 1831
484 1408514 m1 95577 0 0.5 p1 1408 1833
485 1336375 m1 553413 0 0.5 p1 1336 1836
486 313960 m2 572520 -2.40326e-08 0.5 p1 315 1837
487 727728 m1 619375 0 0.5 p1 728 1838
488 1480137 m2 644011 -0.000121443 0.5 p1 1480 1838
489 1267967 m1 653208 0 0.5 p1 1268 1839
490 886160 m2 985489 -0.00178107 0.5 p1 886 1839
491 1155717 m1 744729 0 0.5 p1 1155 1840
492 956705 m2 745463 -0.00297948 0.5 p1 957 1840
493 1212213 m2 372103 -8.79723e-07 0.5 p1 1212 1842
494 631322 m2 733090 -0.00011133 0.5 p1 632 1847
495 1149438 m1 870784 0 0.5 p1 1149 1847
496 1291324 m2 487095 -0.000148757 0.5 p1 1291 1851
497 415872 m1 417265 0 0.5 p1 417 1852
498 1412561 m1 716292 0 0.5 p1 1413 1854
499 1282268 m1 716321 0 0.5 p1 1282 1854
500 1348985 m1 597709 0 0.5 p1 1349 1857
501 1308004 m2 519053 -0.00703219 0.5 p1 1308 1861
502 1645665 m2 107122 -8.12612e-06 0.5 p1 1645 1865
503 1525007 m1 108193 0 0.5 p1 1525 1865
504 1004329 m1 88818 0 0.5 p1 1004 1867
505 1300059 m2 520161 -0.00463496 0.5 p1 1300 1870
506 519305 m2 729771 -0.00100698 0.5 p1 520 1872
507 564064 m1 730712 0 0.5 p1 564 1872
508 1378418 m1 491790 0 0.5 p1 1378 1876
509 1119793 m1 492347 0 0.5 p1 1120 1876
510 989441 m2 48859 -0.000302759 0.5 p1 989 1878
511 1053456 m1 876424 0 0.5 p1 1053 1884
512 1543009 m2 36098 -5.4865e-05 0.5 p1 1543 1891
513 1396040 m1 37314 0 0.5 p1 1396 1891
514 1413170 m2 41186 -0.00230685 0.5 p1 1413 1891
515 1227377 m2 45537 -0.000404969 0.5 p1 1227 1891
516 1274265 m2 47083 -0.0072581 0.5 p1 1274 1891
517 657334 m2 79732 -0.000156164 0.5 p1 658 1891
518 1013317 m1 374074 0 0.5 p1 1013 1891
519 1594073 m1 830247 0 0.5 p1 1594 1897
520 1486227 m1 742636 0 0.5 p1 1486 1899
521 1168518 m1 911953 0 0.5 p1 1168 1899
522 1153125 m1 965154 0 0.5 p1 1153 1902
523 837668 m2 965894 -3.33298e-05 0.5 p1 838 1902
524 611716 m1 968943 0 0.5 p1 612 1902
525 1197676 m1 696263 0 0.5 p1 1197 1906
526 1502223 m2 862210 -0.00708855 0.5 p1 1502 1906
527 1207917 m2 522172 -4.03535e-06 0.5 p1 1208 1911
528 1496782 m2 81148 -0.00014417 0.5 p1 1497 1925
529 1467679 m2 382919 -0.000470468 0.5 p1 1467 1935
530 1241239 m1 583416 0 0.5 p1 1241 1947
531 1537072 m1 776299 0 0.5 p1 1537 1955
532 1402236 m1 897326 0 0.5 p1 1402 1961
533 1764964 m2 505023 -0.00134896 0.5 p1 1764 1962
534 1212214 m1 911780 0 0.5 p1 1212 1971
535 1566350 m2 427895 -2.24836e-06 0.5 p1 1566 1973
536 1501041 m2 375546 -6.59008e-06 0.5 p1 1501 1977
537 1545394 m1 376207 0 0.5 p1 1545 1977
538 1450338 m1 708669 0 0.5 p1 1450 1977
539 875737 m1 708884 0 0.5 p1 876 1977
540 786473 m2 56428 -0.000265495 0.5 p1 787 1989
541 1634196 m2 325244 -0.000209118 0.5 p1 1633 1989
542 1124285 m1 599607 0 0.5 p1 1124 1991
543 1281124 m1 359619 0 0.5 p1 1281 1993
544 1211199 m2 264273 -0.00162417 0.5 p1 1211 1994
545 1722308 m1 116187 0 0.5 p1 1721 1995
546 801542 m1 991336 0 0.5 p1 801 1996
547 1503026 m2 904620 -3.00538e-06 0.5 p1 1503 1998
548 1528321 m1 371373 0 0.5 p1 1528 1999
549 1295339 m2 355056 -0.00197393 0.5 p1 1295 2000
550 1825240 m1 961385 0 0.5 p1 1825 2004
551 1168552 m2 667230 -0.00062464 0.5 p1 1168 2006
552 1181133 m1 574227 0 0.5 p1 1181 2008
553 1697765 m2 733366 -2.0691e-07 0.5 p1 1697 2011
554 1042246 m2 54319 -0.000371924 0.5 p1 1042 2012
555 1582887 m1 419557 0 0.5 p1 1582 2012
556 1411810 m1 421971 0 0.5 p1 1412 2012
557 1545667 m1 423350 0 0.5 p1 1546 2012
558 1805443 m1 423526 0 0.5 p1 1805 2012
559 1713974 m1 750729 0 0.5 p1 1713 2013
560 1169982 m2 43651 -2.75715e-05 0.5 p1 1170 2015
561 1577247 m1 664208 0 0.5 p1 1577 2017
562 1652692 m1 664832 0 0.5 p1 1652 2017
563 1802653 m1 673850 0 0.5 p1 1802 2017
564 1662593 m1 157984 0 0.5 p1 1662 2021
565 1487248 m1 483250 0 0.5 p1 1487 2021
566 1508316 m1 483868 0 0.5 p1 1508 2021
567 1569143 m1 460492 0 0.5 p1 1569 2025
568 1497546 m1 77222 0 0.5 p1 1497 2027
569 1634924 m2 670757 -0.000267044 0.5 p1 1634 2028
570 1588441 m1 671472 0 0.5 p1 1588 2028
571 1452095 m1 578715 0 0.5 p1 1452 2035
572 757879 m2 578722 -0.00235846 0.5 p1 758 2035
573 1331248 m1 68016 0 0.5 p1 1331 2036
574 1191704 m1 798025 0 0.5 p1 1191 2038
575 1214949 m2 798541 -2.86467e-08 0.5 p1 1215 2038
576 1614428 m2 815151 -8.15351e-06 0.5 p1 1614 2038
577 1564611 m1 428431 0 0.5 p1 1564 2039
578 1531088 m2 144210 -9.39736e-05 0.5 p1 1531 2041
579 1566370 m1 203200 0 0.5 p1 1566 2044
580 1620558 m2 317747 -0.00184115 0.5 p1 1620 2044
581 1319761 m1 891874 0 0.5 p1 1320 2048
582 667310 m1 337768 0 0.5 p1 667 2057
583 1343199 m1 338243 0 0.5 p1 1343 2057
584 1497282 m1 110024 0 0.5 p1 1497 2059
585 1696666 m1 49117 0 0.5 p1 1696 2063
586 1558761 m2 50584 -0.00894238 0.5 p1 1559 2063
587 1354466 m1 956918 0 0.5 p1 1354 2064
588 1508022 m2 508193 -4.98229e-09 0.5 p1 1508 2066
589 1539995 m1 484739 0 0.5 p1 1540 2071
590 1429582 m1 484893 0 0.5 p1 1430 2071
591 949233 m2 121278 -1.6538e-06 0.5 p1 949 2073
592 1751759 m2 120943 -7.41115e-06 0.5 p1 1751 2077
593 1549808 m1 811984 0 0.5 p1 1550 2086
594 1508897 m1 826740 0 0.5 p1 1509 2086
595 1696566 m2 829680 -0.00428372 0.5 p1 1695 2086
596 1282943 m1 850032 0 0.5 p1 1283 2086
597 1336384 m2 909679 -0.00158821 0.5 p1 1336 2087
598 1677389 m1 313979 0 0.5 p1 1676 2089
599 1730924 m1 964895 0 0.5 p1 1730 2090
600 1352954 m2 66223 -5.68738e-05 0.5 p1 1353 2091
601 1451339 m1 345739 0 0.5 p1 1451 2091
602 1549083 m2 367055 -6.94775e-05 0.5 p1 1549 2091
603 1418728 m1 367622 0 0.5 p1 1419 2091
604 1819051 m2 542586 -0.00412681 0.5 p1 1818 2092
605 1730222 m2 686719 -0.000361238 0.5 p1 1729 2092
606 1366163 m1 687126 0 0.5 p1 1366 2092
607 1827352 m2 554025 -0.000310598 0.5 p1 1827 2095
608 425139 m1 991606 0 0.5 p1 426 2097
609 300093 m1 991705 0 0.5 p1 301 2097
610 1266628 m2 991987 -0.000107698 0.5 p1 1266 2097
611 1520045 m2 499269 -0.000297602 0.5 p1 1520 2098
612 1742205 m2 527686 -0.0077575 0.5 p1 1741 2098
613 1431654 m2 529493 -4.51683e-11 0.5 p1 1432 2098
614 1806637 m1 529972 0 0.5 p1 1806 2098
615 1757643 m1 111286 0 0.5 p1 1757 2103
616 541310 m2 347218 -5.31118e-07 0.5 p1 542 2103
617 342022 m2 347725 -0.00442734 0.5 p1 343 2103
618 1672766 m1 587318 0 0.5 p1 1672 2107
619 1545679 m1 587957 0 0.5 p1 1546 2107
620 1703863 m1 526370 0 0.5 p1 1703 2113
621 1529004 m2 342829 -0.000616582 0.5 p1 1529 2116
622 1833180 m1 426272 0 0.5 p1 1833 2116
623 428182 m1 339677 0 0.5 p1 429 2119
624 1632551 m2 399669 -3.26478e-07 0.5 p1 1632 2125
625 1542682 m2 656694 -0.000357201 0.5 p1 1543 2136
626 1237369 m2 858739 -3.70181e-05 0.5 p1 1237 2138
627 1484684 m1 860420 0 0.5 p1 1484 2138
628 1552643 m1 684165 0 0.5 p1 1553 2146
629 1595606 m2 684327 -0.000363421 0.5 p1 1595 2146
630 201091 m2 191592 -1.06265e-06 0.5 p1 202 2152
631 1584875 m2 198196 -0.00369061 0.5 p1 1584 2152
632 1726435 m1 818261 0 0.5 p1 1725 2154
633 1416053 m1 818407 0 0.5 p1 1416 2154
634 1930553 m1 584861 0 0.5 p1 1930 2167
635 1652281 m1 609748 0 0.5 p1 1651 2168
636 1599106 m1 333219 0 0.5 p1 1598 2169
637 1440004 m2 334658 -0.00181975 0.5 p1 1440 2169
638 1372258 m1 335235 0 0.5 p1 1372 2169
639 1542288 m1 285426 0 0.5 p1 1542 2171
640 1123978 m1 471208 0 0.5 p1 1124 2173
641 1550183 m1 22404 0 0.5 p1 1550 2175
642 1607421 m1 438719 0 0.5 p1 1607 2179
643 1915134 m1 392773 0 0.5 p1 1914 2181
644 1464229 m1 393371 0 0.5 p1 1464 2181
645 1234334 m1 393987 0 0.5 p1 1234 2181
646 1930554 m1 591629 0 0.5 p1 1930 2187
647 1804041 m1 625630 0 0.5 p1 1803 2187
648 1415086 m1 189030 0 0.5 p1 1415 2195
649 1730659 m2 199738 -0.000513747 0.5 p1 1730 2195
650 1441088 m1 193365 0 0.5 p1 1441 2196
651 1505225 m1 704297 0 0.5 p1 1505 2198
652 1836156 m1 705111 0 0.5 p1 1836 2198
653 1781641 m2 722614 -0.00130538 0.5 p1 1781 2201
654 1900836 m2 617776 -1.94891e-11 0.5 p1 1900 2205
655 1824625 m1 699566 0 0.5 p1 1824 2205
656 1257646 m2 699672 -0.00102274 0.5 p1 1257 2205
657 1444516 m2 702500 -0.000137357 0.5 p1 1445 2205
658 1451197 m2 129080 -0.00163201 0.5 p1 1451 2211
659 1321197 m1 129350 0 0.5 p1 1321 2211
660 1846376 m2 659775 -0.000442452 0.5 p1 1846 2212
661 1994739 m1 578841 0 0.5 p1 1994 2214
662 1209098 m1 578980 0 0.5 p1 1209 2214
663 1771061 m1 850220 0 0.5 p1 1770 2214
664 1300527 m2 24697 -0.00034892 0.5 p1 1300 2216
665 1790030 m1 263837 0 0.5 p1 1789 2220
666 1730655 m1 338282 0 0.5 p1 1730 2221
667 1671679 m1 338803 0 0.5 p1 1671 2221
668 1549961 m1 782725 0 0.5 p1 1550 2223
669 1881577 m2 52512 -5.9118e-06 0.5 p1 1881 2226
670 1723500 m2 54958 -0.00028965 0.5 p1 1722 2226
671 1706135 m1 57261 0 0.5 p1 1705 2226
672 1976648 m1 740213 0 0.5 p1 1976 2226
673 1837198 m2 202077 -0.00333173 0.5 p1 1837 2228
674 1637431 m2 400072 -0.0105509 0.5 p1 1636 2229
675 1724573 m1 400366 0 0.5 p1 1724 2229
676 1356736 m1 401393 0 0.5 p1 1357 2229
677 1454376 m1 402113 0 0.5 p1 1454 2229
678 1262511 m2 979753 -0.00351373 0.5 p1 1262 2230
679 1139639 m1 154348 0 0.5 p1 1139 2232
680 1119484 m2 9262 -0.00229093 0.5 p1 1119 2236
681 1567379 m2 190395 -0.00306916 0.5 p1 1567 2238
682 1384256 m1 932458 0 0.5 p1 1384 2239
683 1772875 m1 932877 0 0.5 p1 1772 2239
684 1692215 m1 929098 0 0.5 p1 1691 2253
685 1621306 m2 944074 -0.00286572 0.5 p1 1620 2255
686 1527558 m1 170775 0 0.5 p1 1527 2256
687 1936490 m1 398917 0 0.5 p1 1936 2262
688 1503844 m1 238263 0 0.5 p1 1504 2264
689 1608816 m2 239281 -0.000474654 0.5 p1 1608 2264
690 1319720 m2 240085 -0.000444515 0.5 p1 1319 2264
691 1735344 m2 853291 -3.97452e-08 0.5 p1 1734 2267
692 1417451 m1 404302 0 0.5 p1 1417 2270
693 1902578 m1 405711 0 0.5 p1 1902 2270
694 1882688 m1 406522 0 0.5 p1 1882 2270
695 1491170 m2 411394 -0.00229491 0.5 p1 1491 2270
696 1728318 m2 412587 -1.6645e-07 0.5 p1 1727 2270
697 1211669 m2 1060 -0.000123008 0.5 p1 1211 2271
698 1433487 m2 1098 -0.000109549 0.5 p1 1433 2271
699 1851976 m2 712346 -5.48898e-06 0.5 p1 1851 2271
700 1832113 m2 713298 -1.508e-07 0.5 p1 1832 2271
701 1535122 m2 228390 -0.000291475 0.5 p1 1535 2281
702 1645488 m1 766541 0 0.5 p1 1644 2284
703 522119 m1 769667 0 0.5 p1 523 2284
704 1650660 m1 769868 0 0.5 p1 1650 2284
705 1327232 m1 476163 0 0.5 p1 1327 2291
706 1897468 m1 476196 0 0.5 p1 1897 2291
707 1274606 m1 687968 0 0.5 p1 1274 2297
708 1553555 m2 58319 -0.00143424 0.5 p1 1553 2298
709 1771311 m1 60790 0 0.5 p1 1771 2298
710 1827856 m1 474975 0 0.5 p1 1827 2299
711 1642488 m1 475600 0 0.5 p1 1641 2299
712 2123196 m1 425893 0 0.5 p1 2122 2301
713 1825547 m2 171857 -0.000307002 0.5 p1 1825 2306
714 1208758 m1 763506 0 0.5 p1 1209 2309
715 1248289 m1 763614 0 0.5 p1 1248 2309
716 1884005 m1 763690 0 0.5 p1 1883 2309
717 2000555 m1 38462 0 0.5 p1 2000 2316
718 1897993 m1 518094 0 0.5 p1 1897 2316
719 2020277 m1 407172 0 0.5 p1 2020 2320
720 2066952 m1 407393 0 0.5 p1 2066 2320
721 1902151 m1 809798 0 0.5 p1 1901 2326
722 1827061 m1 691273 0 0.5 p1 1826 2327
723 1869749 m1 693685 0 0.5 p1 1869 2327
724 1765642 m1 694023 0 0.5 p1 1765 2327
725 1456108 m2 761306 -3.59546e-14 0.5 p1 1456 2331
726 1807352 m2 762681 -7.59425e-06 0.5 p1 1807 2331
727 1763524 m1 297062 0 0.5 p1 1763 2336
728 1139851 m1 297803 0 0.5 p1 1140 2336
729 1869007 m1 298795 0 0.5 p1 1868 2336
730 1120815 m1 300002 0 0.5 p1 1121 2336
731 1059141 m1 301515 0 0.5 p1 1059 2336
732 1479270 m1 301617 0 0.5 p1 1479 2336
733 1746720 m1 302197 0 0.5 p1 1746 2336
734 162636 m2 304018 -0.000493063 0.5 p1 164 2336
735 1727369 m1 305081 0 0.5 p1 1726 2336
736 887004 m2 469017 -6.24922e-05 0.5 p1 887 2336
737 1782489 m1 35186 0 0.5 p1 1782 2345
738 1934667 m2 789598 -0.00013497 0.5 p1 1934 2353
739 1601721 m1 736046 0 0.5 p1 1601 2358
740 1620013 m1 133651 0 0.5 p1 1619 2360
741 1838537 m1 136495 0 0.5 p1 1838 2361
742 2071581 m2 526609 -8.3994e-05 0.5 p1 2071 2368
743 1546379 m2 362321 -0.00125907 0.5 p1 1546 2372
744 1791427 m2 322117 -1.82457e-07 0.5 p1 1791 2379
745 1935204 m1 617649 0 0.5 p1 1935 2386
746 1446760 m1 14831 0 0.5 p1 1447 2395
747 2148613 m2 801160 -0.000494121 0.5 p1 2148 2395
748 1818717 m1 801274 0 0.5 p1 1818 2395
749 1267009 m2 250326 -2.25219e-05 0.5 p1 1267 2398
750 2093977 m2 419095 -0.000334751 0.5 p1 2093 2415
751 2006696 m1 700654 0 0.5 p1 2006 2415
752 2001004 m1 642352 0 0.5 p1 2000 2418
753 2135025 m1 36520 0 0.5 p1 2134 2422
754 1779043 m2 950372 -4.77272e-05 0.5 p1 1778 2422
755 1560989 m2 987969 -0.00114942 0.5 p1 1561 2423
756 1751053 m1 988203 0 0.5 p1 1750 2423
757 1693850 m2 33240 -3.13585e-05 0.5 p1 1693 2424
758 1979136 m2 577410 -0.00145505 0.5 p1 1978 2439
759 1523962 m1 596794 0 0.5 p1 1524 2441
760 1962119 m1 728094 0 0.5 p1 1962 2441
761 1996317 m2 564742 -2.45767e-05 0.5 p1 1996 2450
762 1854303 m1 566747 0 0.5 p1 1854 2450
763 1817993 m1 590517 0 0.5 p1 1817 2450
764 1581574 m2 590669 -5.42421e-06 0.5 p1 1581 2450
765 1818181 m1 590796 0 0.5 p1 1818 2450
766 812517 m1 901441 0 0.5 p1 812 2454
767 1455636 m1 569361 0 0.5 p1 1456 2455
768 1260101 m1 569966 0 0.5 p1 1260 2455
769 1647634 m1 571283 0 0.5 p1 1647 2455
770 2073248 m2 525194 -0.000580664 0.5 p1 2073 2456
771 2118021 m2 525780 -0.00123588 0.5 p1 2117 2456
772 2089069 m2 526826 -1.42969e-05 0.5 p1 2088 2456
773 1754102 m1 250530 0 0.5 p1 1753 2457
774 2024590 m2 281777 -0.00620193 0.5 p1 2024 2459
775 1824200 m2 923093 -5.9518e-05 0.5 p1 1824 2459
776 1339665 m1 981453 0 0.5 p1 1339 2465
777 2111375 m1 499974 0 0.5 p1 2110 2476
778 1846281 m1 732880 0 0.5 p1 1846 2477
779 1305932 m1 233482 0 0.5 p1 1306 2485
780 2085733 m1 853536 0 0.5 p1 2085 2499
781 2091739 m2 856200 -0.000452444 0.5 p1 2091 2499
782 2159957 m2 37297 -6.39223e-05 0.5 p1 2159 2500
783 2045831 m1 39287 0 0.5 p1 2045 2500
784 2100463 m1 671974 0 0.5 p1 2100 2506
785 1743579 m2 452282 -0.000110792 0.5 p1 1743 2508
786 1455790 m2 306170 -0.0034137 0.5 p1 1456 2509
787 1371285 m1 150795 0 0.5 p1 1371 2514
788 956151 m2 310005 -5.66169e-05 0.5 p1 956 2530
789 2119727 m1 352211 0 0.5 p1 2119 2532
790 2100956 m1 16345 0 0.5 p1 2100 2535
791 2188456 m1 636382 0 0.5 p1 2187 2539
792 1648974 m2 638043 -9.72668e-08 0.5 p1 1648 2539
793 1076777 m2 150207 -0.000304148 0.5 p1 1077 2540
794 2036052 m2 150484 -0.00658799 0.5 p1 2035 2540
795 1911808 m1 963661 0 0.5 p1 1911 2544
796 2123195 m2 393959 -0.00132387 0.5 p1 2122 2549
797 2169417 m1 858411 0 0.5 p1 2168 2549
798 2094578 m1 709028 0 0.5 p1 2094 2553
799 1974896 m1 151685 0 0.5 p1 1974 2559
800 1998027 m2 711951 -0.00173073 0.5 p1 1997 2562
801 1992052 m1 506079 0 0.5 p1 1992 2577
802 2280230 m2 560122 -0.000255029 0.5 p1 2279 2579
803 2285771 m1 561265 0 0.5 p1 2285 2579
804 1535351 m1 897401 0 0.5 p1 1535 2580
805 2018610 m2 177008 -0.00319028 0.5 p1 2018 2586
806 1809354 m1 177689 0 0.5 p1 1809 2586
807 2243859 m1 124905 0 0.5 p1 2243 2592
808 1802016 m1 125169 0 0.5 p1 1801 2592
809 1868089 m1 887729 0 0.5 p1 1867 2595
810 1976718 m1 305515 0 0.5 p1 1976 2597
811 831533 m1 305723 0 0.5 p1 831 2597
812 2214616 m1 888418 0 0.5 p1 2214 2603
813 1894750 m1 889606 0 0.5 p1 1894 2603
814 1804606 m2 890326 -2.66429e-07 0.5 p1 1804 2603
815 1849287 m2 891951 -0.000101371 0.5 p1 1849 2603
816 1698124 m2 892483 -0.00378318 0.5 p1 1697 2603
817 1737880 m1 86022 0 0.5 p1 1737 2609
818 1618091 m2 938849 -8.99967e-07 0.5 p1 1617 2612
819 2130945 m1 513828 0 0.5 p1 2130 2620
820 1704697 m1 315482 0 0.5 p1 1704 2621
821 2042729 m1 210254 0 0.5 p1 2042 2626
822 2223567 m1 213795 0 0.5 p1 2222 2630
823 2007763 m2 655340 -7.73091e-05 0.5 p1 2007 2633
824 1962767 m1 655888 0 0.5 p1 1962 2634
825 2332468 m1 704127 0 0.5 p1 2331 2638
826 2400067 m2 376907 -9.25363e-05 0.5 p1 2399 2640
827 2330612 m1 378543 0 0.5 p1 2329 2640
828 1443282 m1 478772 0 0.5 p1 1443 2646
829 1577631 m2 207034 -0.00173049 0.5 p1 1577 2647
830 1890255 m2 820374 -0.000228765 0.5 p1 1890 2647
831 2248233 m1 822138 0 0.5 p1 2247 2647
832 2062670 m2 825158 -1.14639e-05 0.5 p1 2062 2647
833 2343295 m1 279516 0 0.5 p1 2342 2649
834 1876244 m1 908671 0 0.5 p1 1876 2653
835 2015693 m2 716451 -0.00163528 0.5 p1 2015 2655
836 2299168 m2 324214 -9.32329e-05 0.5 p1 2298 2657
837 1981611 m1 688802 0 0.5 p1 1981 2657
838 1835054 m1 841489 0 0.5 p1 1835 2657
839 2098857 m1 994504 0 0.5 p1 2098 2663
840 2181378 m1 995033 0 0.5 p1 2180 2663
841 2008829 m1 84868 0 0.5 p1 2008 2664
842 1902577 m1 71771 0 0.5 p1 1902 2669
843 2182852 m2 240180 -0.000389333 0.5 p1 2182 2669
844 1884740 m1 386323 0 0.5 p1 1884 2670
845 2125347 m2 387863 -4.37081e-10 0.5 p1 2125 2670
846 2177381 m2 387907 -2.0654e-05 0.5 p1 2176 2670
847 1931961 m1 916996 0 0.5 p1 1931 2677
848 1954574 m1 45290 0 0.5 p1 1954 2678
849 1791739 m1 331678 0 0.5 p1 1791 2682
850 2009074 m1 331679 0 0.5 p1 2009 2682
851 2088548 m1 602676 0 0.5 p1 2088 2686
852 1579642 m1 784746 0 0.5 p1 1579 2686
853 2178447 m1 64716 0 0.5 p1 2177 2687
854 2050414 m1 719017 0 0.5 p1 2050 2696
855 2016159 m1 719632 0 0.5 p1 2016 2696
856 2320656 m2 192019 -0.00022137 0.5 p1 2319 2700
857 2380044 m2 403197 -0.000389745 0.5 p1 2379 2702
858 2224328 m1 405580 0 0.5 p1 2223 2702
859 2276183 m1 422045 0 0.5 p1 2275 2705
860 1724465 m1 986667 0 0.5 p1 1723 2705
861 1705589 m2 987090 -5.66411e-05 0.5 p1 1705 2705
862 1960968 m1 999463 0 0.5 p1 1960 2706
863 1963889 m1 309372 0 0.5 p1 1963 2708
864 2258185 m1 2113 0 0.5 p1 2257 2709
865 1947314 m1 5075 0 0.5 p1 1947 2709
866 1800875 m1 657830 0 0.5 p1 1800 2718
867 2287153 m1 836314 0 0.5 p1 2286 2718
868 2228217 m1 836374 0 0.5 p1 2227 2718
869 2356111 m2 786216 -0.0149212 0.5 p1 2355 2721
870 2367176 m1 782204 0 0.5 p1 2366 2726
871 2371735 m2 271771 -0.000501372 0.5 p1 2371 2728
872 2147560 m2 686415 -0.00309193 0.5 p1 2147 2736
873 1839059 m1 843037 0 0.5 p1 1838 2750
874 1563000 m2 138133 -3.41878e-08 0.5 p1 1563 2752
875 2255124 m2 762473 -0.00381992 0.5 p1 2254 2752
876 2154880 m2 551681 -0.000595109 0.5 p1 2154 2755
877 2440256 m1 369938 0 0.5 p1 2440 2757
878 1444323 m1 454195 0 0.5 p1 1444 2758
879 2208969 m1 860720 0 0.5 p1 2208 2758
880 1894817 m1 771821 0 0.5 p1 1894 2760
881 2162723 m1 112724 0 0.5 p1 2162 2764
882 1759021 m1 207520 0 0.5 p1 1758 2766
883 2107258 m2 555853 -0.000231222 0.5 p1 2106 2768
884 2198545 m1 749315 0 0.5 p1 2197 2768
885 1899526 m2 432962 -5.08871e-06 0.5 p1 1899 2769
886 2340899 m2 761335 -0.00372235 0.5 p1 2340 2770
887 2345594 m1 14229 0 0.5 p1 2344 2772
888 2257088 m1 543691 0 0.5 p1 2256 2773
889 1475119 m2 122803 -0.00499041 0.5 p1 1475 2774
890 1733469 m2 123516 -0.00537889 0.5 p1 1733 2774
891 2380045 m1 439722 0 0.5 p1 2379 2779
892 1831679 m1 47287 0 0.5 p1 1831 2782
893 2419935 m1 417331 0 0.5 p1 2419 2787
894 2547072 m1 417579 0 0.5 p1 2546 2787
895 2402193 m1 441631 0 0.5 p1 2401 2788
896 2338105 m2 453882 -0.00034198 0.5 p1 2337 2788
897 2390704 m2 322976 -0.00221649 0.5 p1 2390 2798
898 1242159 m1 466961 0 0.5 p1 1242 2803
899 2253732 m1 873351 0 0.5 p1 2252 2803
900 2259864 m1 833842 0 0.5 p1 2259 2813
901 2381159 m2 409707 -0.0039188 0.5 p1 2380 2815
902 2268816 m1 135016 0 0.5 p1 2268 2817
903 2341758 m2 277325 -1.19798e-07 0.5 p1 2341 2821
904 2365823 m1 859402 0 0.5 p1 2365 2823
905 1893302 m1 815331 0 0.5 p1 1893 2834
906 1826499 m1 884856 0 0.5 p1 1826 2835
907 2649812 m1 426933 0 0.5 p1 2649 2839
908 2396951 m2 430229 -0.00265055 0.5 p1 2396 2839
909 2281789 m1 430828 0 0.5 p1 2281 2839
910 2161555 m1 553718 0 0.5 p1 2160 2844
911 1698694 m1 607490 0 0.5 p1 1698 2848
912 1037747 m1 607934 0 0.5 p1 1038 2848
913 1694986 m2 607946 -0.00015331 0.5 p1 1694 2848
914 1671645 m1 608350 0 0.5 p1 1671 2848
915 1327772 m2 610929 -5.96936e-05 0.5 p1 1328 2848
916 2360981 m2 43153 -4.98826e-06 0.5 p1 2360 2849
917 2371425 m2 43398 -6.84771e-05 0.5 p1 2370 2849
918 2246130 m2 44007 -2.20851e-05 0.5 p1 2245 2849
919 2587900 m1 46051 0 0.5 p1 2587 2849
920 1755733 m2 47564 -8.9504e-10 0.5 p1 1755 2849
921 2118327 m1 49062 0 0.5 p1 2117 2849
922 2319612 m1 553509 0 0.5 p1 2318 2849
923 2342668 m1 267940 0 0.5 p1 2341 2859
924 2591322 m2 442298 -0.00602929 0.5 p1 2590 2862
925 2631512 m1 444089 0 0.5 p1 2631 2862
926 1931140 m1 253819 0 0.5 p1 1930 2863
927 1503845 m2 253890 -0.000938503 0.5 p1 1504 2863
928 1548269 m2 254259 -6.19571e-05 0.5 p1 1548 2863
929 2251956 m2 257506 -1.76538e-06 0.5 p1 2251 2863
930 2242914 m2 260228 -0.00182644 0.5 p1 2242 2863
931 2301077 m2 364048 -1.9354e-05 0.5 p1 2300 2864
932 2174211 m1 365158 0 0.5 p1 2173 2864
933 1849269 m1 970180 0 0.5 p1 1849 2865
934 2238782 m1 338090 0 0.5 p1 2238 2869
935 1622557 m1 222285 0 0.5 p1 1622 2871
936 1472209 m1 223238 0 0.5 p1 1472 2871
937 2402738 m2 718652 -0.000115137 0.5 p1 2402 2871
938 2277102 m1 981241 0 0.5 p1 2276 2877
939 2103196 m2 982859 -0.00648077 0.5 p1 2102 2877
940 2256812 m2 865073 -0.00175072 0.5 p1 2256 2879
941 1790029 m1 256864 0 0.5 p1 1789 2880
942 2236837 m2 802541 -2.9616e-06 0.5 p1 2236 2881
943 2228221 m2 508971 -2.18021e-05 0.5 p1 2227 2882
944 2317897 m2 631828 -0.000166337 0.5 p1 2317 2885
945 1713771 m2 456871 -4.55244e-05 0.5 p1 1713 2887
946 1460408 m2 456915 -2.27445e-05 0.5 p1 1460 2887
947 1914227 m1 578064 0 0.5 p1 1914 2887
948 2435286 m1 578174 0 0.5 p1 2435 2887
949 2408253 m1 83098 0 0.5 p1 2408 2888
950 1766393 m2 108059 -0.000351431 0.5 p1 1766 2889
951 2323856 m1 38184 0 0.5 p1 2323 2900
952 1229862 m1 205523 0 0.5 p1 1230 2901
953 2386710 m1 743950 0 0.5 p1 2386 2907
954 2388973 m1 891815 0 0.5 p1 2388 2907
955 2377215 m2 895106 -1.49458e-08 0.5 p1 2376 2907
956 1890026 m1 312608 0 0.5 p1 1889 2914
957 1659372 m1 248466 0 0.5 p1 1658 2920
958 2214376 m1 248904 0 0.5 p1 2213 2920
959 2576554 m2 249223 -0.00137534 0.5 p1 2575 2920
960 2645481 m1 406463 0 0.5 p1 2645 2923
961 2437898 m1 150153 0 0.5 p1 2437 2926
962 2271753 m1 578743 0 0.5 p1 2270 2926
963 2572192 m2 171745 -0.00299194 0.5 p1 2571 2928
964 2435683 m1 172025 0 0.5 p1 2435 2928
965 2438295 m2 924321 -4.32524e-05 0.5 p1 2438 2932
966 1440523 m1 940405 0 0.5 p1 1441 2932
967 1767458 m2 752929 -0.000820499 0.5 p1 1767 2937
968 2218943 m2 753777 -0.00224797 0.5 p1 2218 2937
969 1671046 m1 755459 0 0.5 p1 1670 2937
970 1830934 m1 756184 0 0.5 p1 1830 2937
971 1903510 m1 217546 0 0.5 p1 1903 2940
972 2207462 m1 220427 0 0.5 p1 2206 2940
973 2231666 m2 221600 -5.52978e-05 0.5 p1 2230 2940
974 2438919 m1 379464 0 0.5 p1 2438 2941
975 2138571 m1 574317 0 0.5 p1 2138 2942
976 2265482 m1 577599 0 0.5 p1 2264 2942
977 1648912 m1 635450 0 0.5 p1 1648 2944
978 2474842 m1 130286 0 0.5 p1 2474 2945
979 2744681 m1 131886 0 0.5 p1 2744 2947
980 2500565 m1 129630 0 0.5 p1 2499 2954
981 2529861 m1 130043 0 0.5 p1 2529 2954
982 2348295 m1 315037 0 0.5 p1 2347 2959
983 2479710 m2 318008 -2.1334e-06 0.5 p1 2479 2959
984 2507654 m2 750541 -0.0013645 0.5 p1 2506 2959
985 2538480 m1 807533 0 0.5 p1 2537 2960
986 2532329 m2 809239 -0.000548098 0.5 p1 2531 2960
987 2468945 m2 821000 -6.87912e-05 0.5 p1 2468 2960
988 2540558 m1 132871 0 0.5 p1 2539 2961
989 1890256 m1 133187 0 0.5 p1 1890 2961
990 2182988 m1 511457 0 0.5 p1 2182 2963
991 2450518 m1 119170 0 0.5 p1 2450 2971
992 1982463 m1 74358 0 0.5 p1 1982 2973
993 850147 m2 74503 -0.00147209 0.5 p1 850 2973
994 2099005 m1 76451 0 0.5 p1 2098 2973
995 2209541 m1 282910 0 0.5 p1 2208 2973
996 1731967 m1 282940 0 0.5 p1 1731 2973
997 2378685 m1 283171 0 0.5 p1 2378 2973
998 1742340 m2 283592 -0.00472407 0.5 p1 1741 2973
999 2381657 m2 729588 -0.00463203 0.5 p1 2381 2976
1000 2256016 m2 487110 -2.82447e-05 0.5 p1 2255 2980
1001 2323532 m1 488361 0 0.5 p1 2322 2980
1002 2155238 m2 52461 -0.00302876 0.5 p1 2154 2985
1003 2429142 m1 108207 0 0.5 p1 2429 2987
1004 2485220 m1 35354 0 0.5 p1 2484 2988
1005 2406441 m1 36657 0 0.5 p1 2406 2991
1006 2521586 m1 834389 0 0.5 p1 2520 2993
1007 2402475 m1 621732 0 0.5 p1 2402 2999
1008 976488 m1 734244 0 0.5 p1 976 3001
1009 565028 m1 734339 0 0.5 p1 565 3001
1010 2600012 m2 734590 -0.00563907 0.5 p1 2599 3001
1011 2217617 m1 735747 0 0.5 p1 2217 3001
1012 2162937 m2 737174 -6.23125e-05 0.5 p1 2162 3001
1013 1957266 m1 595245 0 0.5 p1 1957 3002
1014 2257466 m1 628490 0 0.5 p1 2256 3003
1015 2633249 m2 379913 -0.00152591 0.5 p1 2633 3006
1016 1574184 m1 738050 0 0.5 p1 1574 3007
1017 1973934 m1 252202 0 0.5 p1 1973 3009
1018 1937500 m1 252310 0 0.5 p1 1937 3009
1019 2465338 m1 188739 0 0.5 p1 2464 3011
1020 2129304 m1 187783 0 0.5 p1 2128 3013
1021 2274503 m2 211645 -0.0111759 0.5 p1 2273 3013
1022 2638288 m1 585001 0 0.5 p1 2638 3019
1023 1414356 m1 658681 0 0.5 p1 1414 3021
1024 2565551 m2 578957 -0.0036763 0.5 p1 2564 3022
1025 2480802 m1 51619 0 0.5 p1 2480 3028
1026 1542879 m2 477457 -0.000511919 0.5 p1 1543 3029
1027 2455019 m2 647139 -0.000191247 0.5 p1 2454 3029
1028 1621287 m1 751159 0 0.5 p1 1620 3029
1029 1052380 m1 751258 0 0.5 p1 1052 3029
1030 1976647 m1 624487 0 0.5 p1 1976 3030
1031 2161232 m1 959879 0 0.5 p1 2160 3031
1032 2412104 m2 475402 -0.00295716 0.5 p1 2412 3033
1033 2553539 m1 285556 0 0.5 p1 2552 3034
1034 2516370 m2 611729 -0.000346957 0.5 p1 2515 3036
1035 2499824 m2 225101 -0.00142145 0.5 p1 2499 3038
1036 2785368 m1 261941 0 0.5 p1 2785 3038
1037 2438579 m2 700301 -0.00312416 0.5 p1 2438 3038
1038 2586822 m2 695845 -1.20044e-05 0.5 p1 2586 3045
1039 2554223 m2 791072 -0.000425022 0.5 p1 2553 3048
1040 2389807 m1 791115 0 0.5 p1 2389 3048
1041 2587170 m2 791302 -0.000238411 0.5 p1 2586 3048
1042 1145873 m2 984607 -0.000166717 0.5 p1 1146 3054
1043 2601107 m2 702728 -0.00256911 0.5 p1 2600 3063
1044 2082319 m1 944705 0 0.5 p1 2082 3065
1045 2298583 m2 685126 -0.0035981 0.5 p1 2297 3074
1046 2655342 m2 693416 -0.000191823 0.5 p1 2655 3076
1047 2613404 m1 693927 0 0.5 p1 2613 3076
1048 2365923 m1 699275 0 0.5 p1 2365 3082
1049 2277844 m2 666469 -0.000899469 0.5 p1 2277 3092
1050 2586061 m2 520039 -0.000422973 0.5 p1 2585 3111
1051 2566778 m1 521891 0 0.5 p1 2565 3111
1052 2618220 m1 538471 0 0.5 p1 2618 3111
1053 2662384 m2 305077 -0.000558365 0.5 p1 2662 3116
1054 2689795 m2 191646 -0.000373048 0.5 p1 2690 3120
1055 2125254 m1 177411 0 0.5 p1 2124 3126
1056 2647601 m2 179745 -0.00441174 0.5 p1 2647 3126
1057 2411694 m2 515586 -2.83633e-06 0.5 p1 2411 3126
1058 2747611 m2 112159 -0.00306122 0.5 p1 2747 3128
1059 2694593 m1 113110 0 0.5 p1 2694 3128
1060 2803122 m1 751867 0 0.5 p1 2802 3128
1061 2163062 m1 915845 0 0.5 p1 2162 3128
1062 2543384 m2 916870 -1.86253e-06 0.5 p1 2542 3128
1063 2438077 m1 917599 0 0.5 p1 2437 3128
1064 2528702 m2 975645 -0.000204917 0.5 p1 2528 3129
1065 2224968 m1 681691 0 0.5 p1 2224 3130
1066 2434877 m1 470111 0 0.5 p1 2434 3135
1067 2456813 m1 470132 0 0.5 p1 2456 3135
1068 2314174 m2 472036 -5.17114e-08 0.5 p1 2313 3135
1069 1765954 m1 472489 0 0.5 p1 1765 3135
1070 2125059 m1 596318 0 0.5 p1 2124 3146
1071 2802700 m2 746518 -0.000152809 0.5 p1 2802 3146
1072 2525032 m1 751059 0 0.5 p1 2524 3147
1073 2806999 m2 145545 -0.000546467 0.5 p1 2806 3148
1074 2264122 m2 360075 -0.00131994 0.5 p1 2263 3150
1075 1568363 m1 474015 0 0.5 p1 1568 3152
1076 2511955 m1 17083 0 0.5 p1 2511 3154
1077 2366659 m1 291906 0 0.5 p1 2366 3159
1078 2767155 m1 266120 0 0.5 p1 2767 3163
1079 2726136 m2 290293 -1.07659e-06 0.5 p1 2726 3164
1080 1903990 m2 290901 -0.00215199 0.5 p1 1903 3164
1081 2149449 m1 498711 0 0.5 p1 2149 3170
1082 2834813 m1 752202 0 0.5 p1 2834 3180
1083 2488043 m1 795609 0 0.5 p1 2487 3183
1084 2309523 m2 796282 -0.00265059 0.5 p1 2308 3183
1085 2630197 m1 796970 0 0.5 p1 2630 3183
1086 2928655 m2 318070 -0.00137004 0.5 p1 2928 3184
1087 2617916 m1 518201 0 0.5 p1 2617 3184
1088 2701761 m1 310861 0 0.5 p1 2701 3187
1089 2904756 m1 689837 0 0.5 p1 2904 3190
1090 2105052 m1 778395 0 0.5 p1 2104 3191
1091 2459258 m1 999791 0 0.5 p1 2458 3193
1092 2731866 m1 340079 0 0.5 p1 2731 3194
1093 2099728 m1 29614 0 0.5 p1 2099 3199
1094 1648232 m1 29665 0 0.5 p1 1647 3199
1095 2541282 m2 33473 -1.57998e-05 0.5 p1 2540 3199
1096 2274732 m2 196390 -0.000862174 0.5 p1 2274 3199
1097 2631622 m2 197191 -4.5827e-05 0.5 p1 2631 3199
1098 2824867 m1 656276 0 0.5 p1 2824 3200
1099 1842892 m1 946631 0 0.5 p1 1842 3202
1100 2855098 m2 361367 -0.000126795 0.5 p1 2855 3203
1101 2553884 m2 361934 -0.000164764 0.5 p1 2553 3203
1102 2504020 m1 973709 0 0.5 p1 2503 3203
1103 2077502 m1 974731 0 0.5 p1 2077 3203
1104 1766674 m1 102267 0 0.5 p1 1766 3205
1105 547412 m2 102276 -0.00267308 0.5 p1 548 3205
1106 2755968 m1 379820 0 0.5 p1 2755 3206
1107 2870716 m1 821470 0 0.5 p1 2870 3210
1108 2531627 m2 822311 -1.8205e-05 0.5 p1 2530 3210
1109 2865437 m1 295667 0 0.5 p1 2865 3212
1110 2623159 m1 551809 0 0.5 p1 2623 3215
1111 2786254 m1 552463 0 0.5 p1 2786 3215
1112 2674397 m1 269369 0 0.5 p1 2674 3217
1113 2695958 m2 450378 -5.75534e-05 0.5 p1 2696 3219
1114 2653677 m2 522261 -0.00192122 0.5 p1 2653 3223
1115 2312068 m2 60784 -0.000106064 0.5 p1 2311 3225
1116 2687511 m1 322357 0 0.5 p1 2687 3230
1117 2614928 m1 271409 0 0.5 p1 2614 3232
1118 2664077 m2 529800 -0.018303 0.5 p1 2664 3241
1119 2945923 m1 648563 0 0.5 p1 2945 3242
1120 2814520 m2 141707 -0.000453513 0.5 p1 2814 3243
1121 2937672 m1 142648 0 0.5 p1 2937 3243
1122 2929416 m1 542087 0 0.5 p1 2928 3244
1123 3011372 m2 544178 -0.00316871 0.5 p1 3010 3244
1124 2301426 m1 450846 0 0.5 p1 2300 3245
1125 2835947 m1 115885 0 0.5 p1 2835 3247
1126 2444858 m2 116553 -0.00122215 0.5 p1 2444 3247
1127 2764395 m2 514113 -0.00147343 0.5 p1 2764 3248
1128 2775980 m1 211128 0 0.5 p1 2775 3249
1129 2814354 m1 148561 0 0.5 p1 2814 3250
1130 2310642 m2 341611 -2.2341e-08 0.5 p1 2309 3251
1131 2355282 m1 344410 0 0.5 p1 2354 3251
1132 2823976 m2 344577 -9.22161e-05 0.5 p1 2823 3251
1133 2933251 m2 345247 -0.000216174 0.5 p1 2932 3251
1134 2934795 m1 772076 0 0.5 p1 2934 3254
1135 2910141 m1 337159 0 0.5 p1 2909 3259
1136 2867686 m1 337345 0 0.5 p1 2867 3259
1137 2740623 m2 483333 -2.12718e-09 0.5 p1 2740 3266
1138 2395551 m1 596443 0 0.5 p1 2395 3268
1139 2403074 m1 8580 0 0.5 p1 2402 3272
1140 2792457 m1 676923 0 0.5 p1 2792 3272
1141 2806927 m1 857445 0 0.5 p1 2806 3273
1142 2986309 m1 857648 0 0.5 p1 2985 3273
1143 1569330 m1 984475 0 0.5 p1 1569 3274
1144 2544971 m1 412334 0 0.5 p1 2544 3275
1145 2502236 m2 550715 -6.94293e-08 0.5 p1 2501 3279
1146 2671599 m1 69180 0 0.5 p1 2671 3285
1147 2911676 m1 600834 0 0.5 p1 2911 3287
1148 2086227 m1 66454 0 0.5 p1 2085 3289
1149 2593136 m1 899931 0 0.5 p1 2592 3291
1150 1671876 m2 103497 -0.000154144 0.5 p1 1671 3292
1151 1945417 m1 104332 0 0.5 p1 1945 3292
1152 1222006 m1 105032 0 0.5 p1 1222 3292
1153 2495901 m2 105713 -0.00563171 0.5 p1 2495 3292
1154 2660939 m2 108719 -0.00480647 0.5 p1 2661 3292
1155 2764062 m1 122438 0 0.5 p1 2763 3292
1156 2326213 m1 123781 0 0.5 p1 2325 3292
1157 2808030 m2 622900 -0.000698646 0.5 p1 2807 3292
1158 2149054 m1 242185 0 0.5 p1 2148 3294
1159 2726081 m1 243113 0 0.5 p1 2726 3298
1160 2758475 m1 244620 0 0.5 p1 2758 3298
1161 2995679 m1 254077 0 0.5 p1 2995 3298
1162 2656984 m1 454161 0 0.5 p1 2657 3305
1163 2068538 m1 455691 0 0.5 p1 2068 3305
1164 2561330 m1 456255 0 0.5 p1 2560 3305
1165 2853995 m1 463209 0 0.5 p1 2854 3313
1166 2790656 m2 544729 -0.000353172 0.5 p1 2790 3313
1167 2474181 m1 399266 0 0.5 p1 2473 3318
1168 2677918 m2 399707 -0.000494331 0.5 p1 2678 3318
1169 2927513 m2 400305 -9.08236e-05 0.5 p1 2926 3318
1170 2377551 m1 400604 0 0.5 p1 2377 3318
1171 2492362 m1 494349 0 0.5 p1 2491 3318
1172 2532788 m2 87749 -2.18538e-09 0.5 p1 2532 3322
1173 3066207 m1 327713 0 0.5 p1 3066 3323
1174 3023915 m2 352982 -0.00392913 0.5 p1 3023 3325
1175 2805327 m1 58420 0 0.5 p1 2805 3339
1176 2697356 m1 945493 0 0.5 p1 2697 3341
1177 2858013 m1 578964 0 0.5 p1 2857 3346
1178 2419532 m1 679537 0 0.5 p1 2419 3349
1179 2163600 m2 56774 -0.000319098 0.5 p1 2162 3354
1180 2425069 m1 555430 0 0.5 p1 2425 3356
1181 2872958 m2 648841 -0.000531206 0.5 p1 2872 3360
1182 2982340 m1 649888 0 0.5 p1 2981 3360
1183 2552717 m2 861699 -0.00269895 0.5 p1 2551 3361
1184 2642116 m1 837096 0 0.5 p1 2642 3369
1185 2723374 m2 869060 -0.00203553 0.5 p1 2723 3373
1186 2669311 m2 869063 -0.0146892 0.5 p1 2669 3373
1187 2906345 m1 249653 0 0.5 p1 2905 3387
1188 2641907 m1 920623 0 0.5 p1 2641 3388
1189 2571017 m1 920723 0 0.5 p1 2570 3388
1190 3167796 m2 507118 -7.74819e-06 0.5 p1 3167 3389
1191 2860239 m1 631657 0 0.5 p1 2860 3396
1192 2760352 m2 995496 -0.00014866 0.5 p1 2760 3397
1193 2876037 m1 838967 0 0.5 p1 2875 3398
1194 2463820 m1 83967 0 0.5 p1 2463 3406
1195 2514836 m1 84303 0 0.5 p1 2514 3406
1196 2989426 m2 535196 -5.10299e-05 0.5 p1 2988 3416
1197 3019536 m1 273806 0 0.5 p1 3019 3420
1198 2840168 m2 53370 -8.56618e-07 0.5 p1 2840 3421
1199 3107220 m1 757014 0 0.5 p1 3107 3421
1200 2344675 m1 875378 0 0.5 p1 2344 3422
1201 2834814 m2 50529 -0.000122682 0.5 p1 2834 3432
1202 2887407 m1 50906 0 0.5 p1 2887 3432
1203 3056880 m1 278834 0 0.5 p1 3056 3434
1204 2990623 m2 925891 -1.67633e-08 0.5 p1 2989 3434
1205 2782716 m2 607846 -6.03292e-05 0.5 p1 2782 3437
1206 2543394 m1 887298 0 0.5 p1 2542 3437
1207 2014168 m1 91500 0 0.5 p1 2014 3438
1208 2586288 m1 222886 0 0.5 p1 2585 3438
1209 2871218 m1 489270 0 0.5 p1 2870 3438
1210 2966447 m1 36088 0 0.5 p1 2965 3443
1211 2610601 m2 38181 -0.00318114 0.5 p1 2610 3445
1212 3123326 m2 714123 -5.16612e-12 0.5 p1 3123 3448
1213 3002190 m1 305954 0 0.5 p1 3001 3454
1214 2609776 m1 942351 0 0.5 p1 2609 3455
1215 3089735 m2 98804 -0.00149518 0.5 p1 3089 3458
1216 2850977 m2 537069 -1.08501e-07 0.5 p1 2851 3459
1217 2967265 m1 362780 0 0.5 p1 2966 3460
1218 3135819 m1 262111 0 0.5 p1 3135 3464
1219 3033385 m1 538154 0 0.5 p1 3032 3464
1220 2853444 m1 538814 0 0.5 p1 2853 3464
1221 2097712 m2 203452 -2.26635e-06 0.5 p1 2097 3466
1222 2774566 m2 212493 -0.00639674 0.5 p1 2774 3466
1223 3060149 m2 212668 -3.1006e-07 0.5 p1 3060 3466
1224 3059878 m2 524551 -0.00183851 0.5 p1 3059 3468
1225 3136542 m2 524804 -3.74887e-05 0.5 p1 3136 3468
1226 3028191 m1 298423 0 0.5 p1 3027 3472
1227 3122669 m1 299379 0 0.5 p1 3122 3472
1228 3235562 m1 437336 0 0.5 p1 3234 3472
1229 2912926 m1 728324 0 0.5 p1 2912 3472
1230 2469913 m2 728347 -0.000521735 0.5 p1 2469 3472
1231 2711192 m2 729798 -0.000148012 0.5 p1 2711 3472
1232 3065807 m1 37447 0 0.5 p1 3065 3473
1233 2826068 m2 43754 -0.00315937 0.5 p1 2825 3473
1234 2946923 m1 286205 0 0.5 p1 2946 3477
1235 2571813 m1 934650 0 0.5 p1 2570 3486
1236 2669508 m1 10781 0 0.5 p1 2669 3487
1237 3128673 m2 549883 -0.000215758 0.5 p1 3128 3489
1238 2371372 m1 561023 0 0.5 p1 2370 3489
1239 3131300 m1 918735 0 0.5 p1 3131 3490
1240 3196654 m1 919612 0 0.5 p1 3195 3490
1241 2769832 m1 158125 0 0.5 p1 2769 3492
1242 3215540 m1 59959 0 0.5 p1 3214 3493
1243 3107561 m1 268151 0 0.5 p1 3107 3498
1244 2726893 m1 720514 0 0.5 p1 2726 3501
1245 3138757 m2 652394 -0.00108587 0.5 p1 3138 3503
1246 3126018 m1 779803 0 0.5 p1 3125 3505
1247 2591771 m2 781167 -0.0014311 0.5 p1 2591 3505
1248 2967417 m1 941708 0 0.5 p1 2966 3505
1249 2590624 m1 557256 0 0.5 p1 2589 3509
1250 2889650 m1 61158 0 0.5 p1 2889 3518
1251 2861799 m2 207926 -0.00118735 0.5 p1 2861 3519
1252 3049096 m2 844103 -2.81549e-05 0.5 p1 3048 3520
1253 2938523 m1 844570 0 0.5 p1 2938 3520
1254 2013309 m1 882322 0 0.5 p1 2013 3520
1255 3039075 m1 451644 0 0.5 p1 3038 3531
1256 2967861 m2 452315 -3.90767e-06 0.5 p1 2967 3531
1257 2368361 m1 457735 0 0.5 p1 2367 3531
1258 2970723 m1 713230 0 0.5 p1 2970 3533
1259 3135822 m1 149865 0 0.5 p1 3135 3535
1260 2779040 m1 547300 0 0.5 p1 2778 3535
1261 3118753 m1 114682 0 0.5 p1 3118 3545
1262 2593985 m1 203913 0 0.5 p1 2593 3549
1263 3107422 m1 735038 0 0.5 p1 3107 3553
1264 2901219 m1 793256 0 0.5 p1 2900 3557
1265 3264832 m1 448693 0 0.5 p1 3263 3559
1266 3251733 m1 450222 0 0.5 p1 3250 3559
1267 2850396 m2 849175 -5.12006e-07 0.5 p1 2850 3559
1268 1733790 m1 464496 0 0.5 p1 1733 3561
1269 3143149 m1 466916 0 0.5 p1 3142 3561
1270 3016454 m1 161336 0 0.5 p1 3016 3562
1271 2546493 m1 228559 0 0.5 p1 2545 3564
1272 2842783 m1 235430 0 0.5 p1 2842 3564
1273 2681110 m1 236357 0 0.5 p1 2681 3564
1274 3227507 m2 241306 -0.00049786 0.5 p1 3226 3564
1275 2901579 m2 241712 -5.62241e-05 0.5 p1 2901 3564
1276 3024015 m1 757740 0 0.5 p1 3023 3566
1277 2733239 m1 885906 0 0.5 p1 2733 3570
1278 3034403 m2 886672 -0.000163658 0.5 p1 3033 3574
1279 2649487 m2 998787 -0.00184577 0.5 p1 2649 3582
1280 3160444 m1 510701 0 0.5 p1 3159 3583
1281 3086691 m2 454800 -1.26797e-05 0.5 p1 3086 3590
1282 3122057 m2 454877 -6.84783e-07 0.5 p1 3121 3590
1283 3116916 m1 584968 0 0.5 p1 3116 3596
1284 3234680 m1 585006 0 0.5 p1 3233 3596
1285 3107197 m1 31300 0 0.5 p1 3107 3599
1286 3164711 m2 34912 -0.000139694 0.5 p1 3164 3599
1287 2980763 m1 581909 0 0.5 p1 2980 3600
1288 2979767 m1 183566 0 0.5 p1 2979 3618
1289 3271049 m1 313178 0 0.5 p1 3269 3618
1290 3225342 m1 313526 0 0.5 p1 3224 3618
1291 3116812 m1 30249 0 0.5 p1 3116 3619
1292 2815220 m1 79458 0 0.5 p1 2815 3619
1293 2763394 m1 80498 0 0.5 p1 2763 3619
1294 2874701 m1 81942 0 0.5 p1 2874 3619
1295 2713284 m2 672974 -8.01565e-06 0.5 p1 2713 3620
1296 3226126 m1 285835 0 0.5 p1 3224 3622
1297 3250180 m1 788308 0 0.5 p1 3248 3622
1298 2996488 m1 171846 0 0.5 p1 2995 3625
1299 2931576 m2 836279 -4.74186e-05 0.5 p1 2931 3629
1300 3207225 m1 836682 0 0.5 p1 3206 3629
1301 3340642 m1 837773 0 0.5 p1 3338 3629
1302 3324457 m1 838015 0 0.5 p1 3322 3629
1303 3186640 m2 336409 -7.35447e-07 0.5 p1 3185 3635
1304 2719378 m1 216986 0 0.5 p1 2719 3636
1305 2729550 m1 971908 0 0.5 p1 2729 3640
1306 3110299 m1 628563 0 0.5 p1 3110 3642
1307 3180369 m1 846033 0 0.5 p1 3179 3643
1308 3097484 m1 774898 0 0.5 p1 3097 3648
1309 2958522 m1 915306 0 0.5 p1 2958 3649
1310 2932521 m2 915955 -1.29611e-06 0.5 p1 2932 3649
1311 2912207 m2 733974 -0.000306069 0.5 p1 2911 3653
1312 3175327 m1 64842 0 0.5 p1 3174 3655
1313 3293120 m2 721388 -0.000108485 0.5 p1 3291 3655
1314 3136271 m1 726470 0 0.5 p1 3136 3655
1315 2933511 m1 727447 0 0.5 p1 2933 3655
1316 2839993 m1 730646 0 0.5 p1 2840 3655
1317 2864392 m2 730943 -6.53552e-05 0.5 p1 2864 3655
1318 3067816 m1 731465 0 0.5 p1 3067 3655
1319 2879759 m1 732180 0 0.5 p1 2879 3655
1320 3421667 m1 747748 0 0.5 p1 3419 3656
1321 3246548 m2 748011 -1.16922e-05 0.5 p1 3245 3656
1322 3186183 m1 309337 0 0.5 p1 3185 3664
1323 3017224 m2 496325 -0.000344598 0.5 p1 3016 3668
1324 2902054 m1 497934 0 0.5 p1 2901 3668
1325 3397334 m1 896860 0 0.5 p1 3395 3670
1326 2073942 m2 357343 -0.000312282 0.5 p1 2073 3676
1327 2171169 m2 357431 -9.1803e-07 0.5 p1 2170 3676
1328 1946540 m2 571475 -0.00330957 0.5 p1 1946 3676
1329 2270637 m2 571790 -0.000264232 0.5 p1 2269 3676
1330 2040191 m2 572666 -0.000111476 0.5 p1 2039 3676
1331 3053812 m1 575552 0 0.5 p1 3053 3676
1332 3249426 m2 579330 -0.00362842 0.5 p1 3248 3676
1333 3079560 m2 580153 -0.00175419 0.5 p1 3079 3676
1334 3396441 m2 582649 -0.000817236 0.5 p1 3394 3676
1335 3410019 m2 364819 -9.42549e-05 0.5 p1 3407 3677
1336 2881777 m1 369279 0 0.5 p1 2881 3677
1337 3003026 m2 593807 -2.62482e-07 0.5 p1 3002 3677
1338 3407293 m2 368650 -0.00102337 0.5 p1 3405 3679
1339 3217248 m1 518106 0 0.5 p1 3216 3679
1340 3133737 m1 754825 0 0.5 p1 3133 3683
1341 3056191 m1 754986 0 0.5 p1 3055 3683
1342 3210028 m2 995644 -6.82981e-06 0.5 p1 3209 3691
1343 3330047 m1 999281 0 0.5 p1 3328 3691
1344 2999509 m1 999391 0 0.5 p1 2998 3691
1345 3208976 m1 606884 0 0.5 p1 3208 3692
1346 3225744 m1 443439 0 0.5 p1 3224 3693
1347 2867129 m1 949803 0 0.5 p1 2866 3702
1348 3016170 m1 141268 0 0.5 p1 3015 3715
1349 3310279 m2 223909 -0.0102428 0.5 p1 3308 3731
1350 3403906 m2 232625 -7.73036e-05 0.5 p1 3401 3731
1351 3071263 m1 17686 0 0.5 p1 3071 3736
1352 3111453 m1 17930 0 0.5 p1 3111 3736
1353 3414218 m2 586603 -3.85268e-08 0.5 p1 3412 3737
1354 3468423 m1 580599 0 0.5 p1 3466 3739
1355 2740679 m1 227527 0 0.5 p1 2740 3741
1356 2981588 m1 44308 0 0.5 p1 2981 3744
1357 3339500 m2 225499 -0.000306212 0.5 p1 3337 3747
1358 3135495 m1 229229 0 0.5 p1 3135 3747
1359 3232925 m2 256141 -0.00061231 0.5 p1 3231 3748
1360 3251623 m2 698985 -0.000451214 0.5 p1 3250 3748
1361 3132734 m1 699736 0 0.5 p1 3132 3748
1362 3482125 m1 704526 0 0.5 p1 3479 3748
1363 3083506 m1 706969 0 0.5 p1 3083 3748
1364 2941560 m2 617946 -0.000103281 0.5 p1 2941 3749
1365 3245342 m1 618710 0 0.5 p1 3244 3749
1366 3247948 m1 827557 0 0.5 p1 3246 3754
1367 3283949 m1 224886 0 0.5 p1 3282 3757
1368 3172468 m1 561349 0 0.5 p1 3171 3773
1369 2933124 m1 605079 0 0.5 p1 2932 3780
1370 2791027 m1 605879 0 0.5 p1 2790 3780
1371 2396347 m1 397523 0 0.5 p1 2396 3785
1372 2812989 m1 9232 0 0.5 p1 2812 3791
1373 2535369 m1 665068 0 0.5 p1 2534 3792
1374 3300477 m1 666185 0 0.5 p1 3298 3792
1375 2881672 m1 666311 0 0.5 p1 2881 3792
1376 3274232 m1 180904 0 0.5 p1 3272 3793
1377 3485595 m2 181859 -9.65127e-06 0.5 p1 3483 3793
1378 3373016 m1 181996 0 0.5 p1 3370 3793
1379 3195553 m1 626661 0 0.5 p1 3194 3795
1380 3063541 m1 177747 0 0.5 p1 3063 3816
1381 2662305 m2 866748 -3.28424e-07 0.5 p1 2662 3816
1382 3143579 m1 868328 0 0.5 p1 3143 3816
1383 2601531 m1 873151 0 0.5 p1 2601 3816
1384 3231330 m1 809871 0 0.5 p1 3230 3818
1385 3315619 m2 407740 -0.00203732 0.5 p1 3314 3819
1386 3192157 m1 341668 0 0.5 p1 3191 3820
1387 3026199 m1 689140 0 0.5 p1 3025 3827
1388 3110848 m2 190550 -0.000749834 0.5 p1 3110 3829
1389 3091895 m1 520541 0 0.5 p1 3091 3830
1390 2933998 m1 798258 0 0.5 p1 2933 3837
1391 2427575 m1 799199 0 0.5 p1 2427 3837
1392 3109692 m2 859053 -0.00181782 0.5 p1 3109 3838
1393 3208245 m1 901949 0 0.5 p1 3207 3840
1394 2801191 m2 897852 -0.00078164 0.5 p1 2801 3843
1395 3397128 m2 425936 -3.04138e-06 0.5 p1 3394 3846
1396 3453491 m2 425968 -0.000681054 0.5 p1 3451 3846
1397 3514378 m1 485596 0 0.5 p1 3512 3846
1398 3119135 m1 534352 0 0.5 p1 3119 3848
1399 3165052 m1 542276 0 0.5 p1 3164 3850
1400 3282365 m1 849023 0 0.5 p1 3280 3850
1401 3129203 m2 938030 -0.00118838 0.5 p1 3129 3852
1402 3286535 m2 664995 -0.000169063 0.5 p1 3284 3853
1403 2552074 m1 851661 0 0.5 p1 2551 3859
1404 2908165 m2 852270 -0.00383371 0.5 p1 2907 3859
1405 2879015 m1 852283 0 0.5 p1 2878 3859
1406 3178999 m2 615009 -0.00185578 0.5 p1 3178 3863
1407 3391224 m1 628435 0 0.5 p1 3388 3863
1408 3373852 m1 629097 0 0.5 p1 3371 3863
1409 3363372 m1 634004 0 0.5 p1 3361 3863
1410 2701918 m2 13963 -0.0125318 0.5 p1 2701 3864
1411 2686960 m1 812001 0 0.5 p1 2687 3867
1412 2472329 m1 671149 0 0.5 p1 2471 3871
1413 2271154 m2 672097 -0.0047137 0.5 p1 2270 3871
1414 3220186 m2 981844 -0.000365777 0.5 p1 3219 3874
1415 2729629 m2 847935 -0.000257317 0.5 p1 2729 3876
1416 3225801 m1 875932 0 0.5 p1 3224 3876
1417 2810219 m1 723661 0 0.5 p1 2809 3880
1418 3415006 m1 724053 0 0.5 p1 3412 3880
1419 3051324 m2 917686 -0.00371402 0.5 p1 3050 3880
1420 3269827 m1 28698 0 0.5 p1 3268 3885
1421 3392438 m1 834913 0 0.5 p1 3390 3885
1422 3170147 m1 912971 0 0.5 p1 3169 3886
1423 2518363 m1 12907 0 0.5 p1 2517 3889
1424 3382712 m1 182909 0 0.5 p1 3380 3891
1425 3023398 m2 678111 -0.00182765 0.5 p1 3022 3891
1426 3526085 m1 681285 0 0.5 p1 3523 3891
1427 1873077 m2 682136 -8.53509e-07 0.5 p1 1872 3891
1428 3018431 m2 759583 -0.000153016 0.5 p1 3017 3892
1429 2515698 m1 760709 0 0.5 p1 2515 3892
1430 3012220 m1 762220 0 0.5 p1 3011 3892
1431 3389678 m1 500733 0 0.5 p1 3387 3894
1432 3234140 m1 635510 0 0.5 p1 3232 3894
1433 3433586 m1 670729 0 0.5 p1 3431 3894
1434 3436603 m1 624939 0 0.5 p1 3434 3895
1435 2976339 m2 198204 -0.00439002 0.5 p1 2975 3896
1436 3211419 m2 3613 -0.000330459 0.5 p1 3210 3902
1437 3409960 m1 813983 0 0.5 p1 3407 3908
1438 3040911 m1 814478 0 0.5 p1 3040 3908
1439 3543930 m1 816650 0 0.5 p1 3541 3908
1440 3510849 m2 386896 -5.60726e-05 0.5 p1 3508 3914
1441 3167683 m1 388460 0 0.5 p1 3167 3914
1442 3415353 m2 532784 -0.0009437 0.5 p1 3413 3914
1443 3450066 m1 388616 0 0.5 p1 3447 3918
1444 3558338 m1 467564 0 0.5 p1 3556 3918
1445 3720683 m1 838452 0 0.5 p1 3718 3921
1446 2914767 m2 784205 -0.00677853 0.5 p1 2914 3922
1447 3471779 m1 983420 0 0.5 p1 3469 3934
1448 3542421 m1 983688 0 0.5 p1 3540 3934
1449 3139798 m2 984125 -5.1345e-09 0.5 p1 3139 3934
1450 3099015 m1 385416 0 0.5 p1 3098 3935
1451 3154138 m1 385559 0 0.5 p1 3153 3935
1452 2867206 m1 385951 0 0.5 p1 2867 3935
1453 3064797 m1 561860 0 0.5 p1 3064 3936
1454 2841112 m1 564936 0 0.5 p1 2841 3936
1455 3111102 m1 566447 0 0.5 p1 3110 3936
1456 3528150 m2 455257 -0.00183809 0.5 p1 3525 3941
1457 3216314 m1 212892 0 0.5 p1 3215 3945
1458 3208563 m2 638405 -0.000108858 0.5 p1 3207 3945
1459 3609595 m2 918297 -3.47321e-05 0.5 p1 3607 3949
1460 3411311 m1 6829 0 0.5 p1 3409 3950
1461 3641961 m2 313953 -0.00068514 0.5 p1 3639 3951
1462 3479284 m2 343602 -3.43098e-05 0.5 p1 3477 3955
1463 3451511 m1 379448 0 0.5 p1 3449 3957
1464 2983783 m1 379824 0 0.5 p1 2983 3957
1465 3703655 m2 423721 -0.00104437 0.5 p1 3701 3964
1466 3445794 m1 309346 0 0.5 p1 3443 3965
1467 3420920 m2 648341 -5.03741e-06 0.5 p1 3418 3975
1468 3726573 m1 343953 0 0.5 p1 3724 3976
1469 3542584 m1 306428 0 0.5 p1 3540 3983
1470 3060719 m1 249793 0 0.5 p1 3060 3984
1471 3146994 m1 444776 0 0.5 p1 3146 3990
1472 3410855 m2 405501 -6.57066e-05 0.5 p1 3408 3991
1473 3458997 m1 411225 0 0.5 p1 3456 3991
1474 3703417 m1 222408 0 0.5 p1 3701 4000
1475 3198502 m1 861399 0 0.5 p1 3197 4000
1476 3305262 m1 34540 0 0.5 p1 3303 4001
1477 3355980 m1 36558 0 0.5 p1 3353 4001
1478 3590168 m1 39604 0 0.5 p1 3588 4001
1479 3431874 m1 63844 0 0.5 p1 3429 4001
1480 3073651 m2 637247 -0.00242234 0.5 p1 3073 4001
1481 2141583 m2 642302 -2.18582e-05 0.5 p1 2141 4001
1482 2634886 m1 642311 0 0.5 p1 2634 4001
1483 3769848 m1 643600 0 0.5 p1 3767 4001
1484 3078292 m2 644266 -2.32657e-05 0.5 p1 3078 4001
1485 1894671 m1 644575 0 0.5 p1 1894 4001
1486 3740204 m2 645040 -0.00245992 0.5 p1 3737 4001
1487 2302240 m2 684196 -0.000121012 0.5 p1 2301 4008
1488 3643385 m1 632311 0 0.5 p1 3641 4014
1489 3384625 m1 126821 0 0.5 p1 3382 4016
1490 2731081 m1 818187 0 0.5 p1 2731 4017
1491 3320965 m2 297958 -0.000360715 0.5 p1 3319 4021
1492 3562482 m1 697587 0 0.5 p1 3560 4022
1493 3836308 m1 703808 0 0.5 p1 3834 4022
1494 3296562 m1 93578 0 0.5 p1 3294 4023
1495 3653842 m2 383312 -0.00214179 0.5 p1 3651 4023
1496 3526281 m1 559975 0 0.5 p1 3524 4023
1497 3084374 m2 129564 -7.49964e-07 0.5 p1 3084 4028
1498 3558901 m1 394375 0 0.5 p1 3556 4028
1499 3159339 m2 394689 -0.000351975 0.5 p1 3158 4028
1500 3454331 m2 620690 -1.23499e-08 0.5 p1 3452 4032
1501 3440493 m2 817189 -3.3432e-05 0.5 p1 3438 4037
1502 3224871 m1 780913 0 0.5 p1 3223 4038
1503 3204761 m1 864185 0 0.5 p1 3203 4038
1504 3070128 m2 680034 -0.000392295 0.5 p1 3070 4039
1505 3511855 m1 10566 0 0.5 p1 3509 4040
1506 3525129 m2 580318 -4.04546e-05 0.5 p1 3522 4042
1507 3495732 m1 693194 0 0.5 p1 3493 4046
1508 3432061 m1 693543 0 0.5 p1 3429 4046
1509 3273491 m1 693828 0 0.5 p1 3271 4046
1510 3553770 m1 300472 0 0.5 p1 3551 4048
1511 3703597 m2 332659 -2.12387e-07 0.5 p1 3701 4049
1512 2968915 m2 663011 -4.47429e-06 0.5 p1 2968 4059
1513 2683524 m1 663919 0 0.5 p1 2683 4059
1514 3073223 m1 800167 0 0.5 p1 3073 4059
1515 3660616 m1 55588 0 0.5 p1 3658 4060
1516 3305603 m2 58093 -0.00425305 0.5 p1 3304 4060
1517 3524442 m1 60924 0 0.5 p1 3522 4060
1518 3484539 m2 61369 -0.00217553 0.5 p1 3482 4060
1519 3416368 m1 62192 0 0.5 p1 3414 4060
1520 3547685 m1 985268 0 0.5 p1 3545 4061
1521 3713469 m1 986222 0 0.5 p1 3711 4061
1522 3544099 m1 590329 0 0.5 p1 3542 4070
1523 3825196 m1 852039 0 0.5 p1 3823 4074
1524 3813367 m2 683158 -1.31719e-06 0.5 p1 3811 4075
1525 3785355 m1 818300 0 0.5 p1 3782 4075
1526 1970437 m1 818977 0 0.5 p1 1970 4075
1527 3788276 m1 753659 0 0.5 p1 3785 4077
1528 3350507 m1 907632 0 0.5 p1 3348 4081
1529 3751424 m2 420481 -3.75557e-05 0.5 p1 3748 4082
1530 3541989 m1 878116 0 0.5 p1 3539 4082
1531 3365079 m2 905936 -0.00142802 0.5 p1 3362 4082
1532 3133836 m1 907005 0 0.5 p1 3133 4082
1533 3086933 m1 418255 0 0.5 p1 3086 4094
1534 3382473 m1 903095 0 0.5 p1 3380 4094
1535 3240127 m1 371997 0 0.5 p1 3238 4096
1536 3569030 m1 414671 0 0.5 p1 3566 4096
1537 3338941 m1 291725 0 0.5 p1 3337 4097
1538 3446474 m1 172688 0 0.5 p1 3444 4098
1539 3353718 m1 416870 0 0.5 p1 3351 4101
1540 3729056 m2 61124 -0.000167984 0.5 p1 3726 4102
1541 3637197 m2 785683 -0.000253708 0.5 p1 3634 4107
1542 3314935 m2 208078 -0.000221997 0.5 p1 3313 4109
1543 3097886 m1 560484 0 0.5 p1 3097 4123
1544 3618111 m1 562015 0 0.5 p1 3615 4123
1545 3744857 m1 563466 0 0.5 p1 3742 4123
1546 3660814 m1 820982 0 0.5 p1 3658 4128
1547 3521285 m2 258029 -0.00401565 0.5 p1 3518 4129
1548 3424397 m2 263775 -0.00166551 0.5 p1 3422 4129
1549 3489996 m1 254360 0 0.5 p1 3487 4131
1550 3400871 m1 270906 0 0.5 p1 3398 4132
1551 3294330 m2 86742 -8.74322e-06 0.5 p1 3292 4143
1552 3682396 m1 87894 0 0.5 p1 3680 4152
1553 2792308 m1 871734 0 0.5 p1 2792 4155
1554 3206660 m1 488070 0 0.5 p1 3205 4158
1555 3729773 m1 488404 0 0.5 p1 3727 4158
1556 3218532 m1 421571 0 0.5 p1 3217 4169
1557 2973592 m1 134369 0 0.5 p1 2973 4171
1558 3499772 m1 134596 0 0.5 p1 3497 4171
1559 3736445 m2 153153 -0.00448628 0.5 p1 3734 4171
1560 3072085 m2 153208 -2.31059e-07 0.5 p1 3071 4171
1561 3784570 m1 154872 0 0.5 p1 3782 4171
1562 3370951 m1 660515 0 0.5 p1 3368 4171
1563 3424898 m1 696061 0 0.5 p1 3422 4173
1564 3873012 m1 696173 0 0.5 p1 3870 4173
1565 3690904 m1 98090 0 0.5 p1 3688 4176
1566 3699280 m1 387090 0 0.5 p1 3697 4176
1567 3813368 m1 684169 0 0.5 p1 3811 4176
1568 3913290 m1 684533 0 0.5 p1 3911 4176
1569 2970691 m1 796388 0 0.5 p1 2970 4177
1570 3879057 m1 414127 0 0.5 p1 3876 4190
1571 3574240 m1 475427 0 0.5 p1 3572 4195
1572 3831214 m1 95682 0 0.5 p1 3829 4196
1573 3915371 m1 97588 0 0.5 p1 3913 4196
1574 3251621 m2 123261 -2.21484e-06 0.5 p1 3250 4199
1575 3752171 m1 3978 0 0.5 p1 3749 4200
1576 3739734 m2 104877 -0.000243971 0.5 p1 3737 4204
1577 3486450 m1 120358 0 0.5 p1 3484 4206
1578 3589710 m1 52040 0 0.5 p1 3587 4207
1579 3804723 m1 361345 0 0.5 p1 3802 4219
1580 3703412 m1 630484 0 0.5 p1 3701 4220
1581 3378318 m2 947785 -0.00377437 0.5 p1 3376 4227
1582 3145703 m1 949159 0 0.5 p1 3145 4227
1583 3579008 m1 114145 0 0.5 p1 3576 4233
1584 3928049 m2 235830 -0.00222103 0.5 p1 3925 4236
1585 3870124 m1 237299 0 0.5 p1 3867 4236
1586 3445011 m2 237936 -0.000398194 0.5 p1 3442 4236
1587 4047676 m1 238035 0 0.5 p1 4046 4236
1588 3801125 m1 238201 0 0.5 p1 3799 4236
1589 3520427 m1 909143 0 0.5 p1 3518 4239
1590 3255531 m1 235126 0 0.5 p1 3254 4240
1591 3189030 m2 346078 -0.00259658 0.5 p1 3188 4241
1592 3656527 m1 353752 0 0.5 p1 3654 4241
1593 3618811 m1 78537 0 0.5 p1 3616 4244
1594 3360395 m1 80358 0 0.5 p1 3358 4244
1595 3607515 m1 327547 0 0.5 p1 3605 4244
1596 3678477 m2 231964 -0.00259685 0.5 p1 3676 4245
1597 3752628 m1 782636 0 0.5 p1 3750 4245
1598 3767848 m1 783819 0 0.5 p1 3765 4245
1599 3200002 m1 967478 0 0.5 p1 3199 4250
1600 3574677 m1 301729 0 0.5 p1 3572 4255
1601 3874750 m1 802125 0 0.5 p1 3872 4256
1602 3470600 m2 872889 -0.00543619 0.5 p1 3468 4259
1603 3652648 m1 889138 0 0.5 p1 3650 4260
1604 3916829 m1 903859 0 0.5 p1 3914 4263
1605 3867437 m1 240828 0 0.5 p1 3865 4266
1606 3986799 m1 241334 0 0.5 p1 3984 4266
1607 3822193 m2 204880 -0.000211353 0.5 p1 3820 4270
1608 3512136 m2 711516 -1.13415e-05 0.5 p1 3509 4274
1609 3681035 m2 896684 -2.49195e-07 0.5 p1 3678 4275
1610 3679331 m1 441493 0 0.5 p1 3677 4280
1611 3655354 m1 397203 0 0.5 p1 3653 4282
1612 3739835 m1 399860 0 0.5 p1 3737 4282
1613 3983794 m2 381742 -6.93042e-05 0.5 p1 3981 4284
1614 3771986 m2 453807 -0.00119508 0.5 p1 3769 4284
1615 3987879 m1 481199 0 0.5 p1 3985 4284
1616 2185237 m1 245407 0 0.5 p1 2184 4286
1617 3444198 m1 285747 0 0.5 p1 3442 4288
1618 3783090 m1 447610 0 0.5 p1 3780 4289
1619 3596882 m1 716573 0 0.5 p1 3594 4290
1620 3703065 m2 718105 -0.00593118 0.5 p1 3700 4290
1621 3827786 m1 718248 0 0.5 p1 3825 4290
1622 4007388 m2 483980 -0.000366705 0.5 p1 4005 4291
1623 3853393 m2 557584 -0.00267257 0.5 p1 3851 4291
1624 3358095 m1 926436 0 0.5 p1 3356 4298
1625 3314079 m1 926624 0 0.5 p1 3312 4298
1626 4080869 m1 373539 0 0.5 p1 4079 4306
1627 3449902 m2 378158 -0.0006222 0.5 p1 3447 4306
1628 3578426 m2 489358 -0.0119692 0.5 p1 3576 4315
1629 3414296 m2 489896 -1.35328e-05 0.5 p1 3412 4315
1630 3738894 m2 229778 -0.000204191 0.5 p1 3736 4317
1631 3457409 m1 768086 0 0.5 p1 3455 4317
1632 3718722 m1 770180 0 0.5 p1 3716 4317
1633 3702403 m1 770788 0 0.5 p1 3700 4317
1634 3779475 m2 315448 -0.00545601 0.5 p1 3776 4319
1635 3066544 m1 393958 0 0.5 p1 3066 4321
1636 3922692 m2 991453 -1.20777e-05 0.5 p1 3920 4332
1637 3727072 m1 868987 0 0.5 p1 3724 4336
1638 3857192 m1 868988 0 0.5 p1 3855 4336
1639 3792688 m2 835917 -0.00471045 0.5 p1 3790 4341
1640 3938312 m1 195722 0 0.5 p1 3936 4347
1641 3656598 m2 198484 -6.14998e-05 0.5 p1 3654 4347
1642 3483048 m1 576962 0 0.5 p1 3480 4351
1643 3643649 m2 144556 -3.5102e-05 0.5 p1 3641 4358
1644 3528906 m1 144991 0 0.5 p1 3526 4358
1645 3458727 m1 219104 0 0.5 p1 3456 4362
1646 3710121 m2 221627 -0.00327951 0.5 p1 3707 4362
1647 3809240 m1 230640 0 0.5 p1 3807 4362
1648 3966339 m1 372660 0 0.5 p1 3964 4366
1649 3823947 m2 176433 -0.00020502 0.5 p1 3821 4371
1650 3504501 m1 673923 0 0.5 p1 3502 4371
1651 3652451 m1 351678 0 0.5 p1 3650 4372
1652 3584349 m2 734046 -0.000387461 0.5 p1 3582 4373
1653 3338708 m1 708190 0 0.5 p1 3336 4374
1654 3977421 m1 709853 0 0.5 p1 3975 4374
1655 3972034 m1 711043 0 0.5 p1 3969 4374
1656 3924536 m1 715429 0 0.5 p1 3922 4374
1657 3586616 m1 251647 0 0.5 p1 3584 4376
1658 3827481 m2 342736 -0.00112648 0.5 p1 3825 4376
1659 4127156 m1 904229 0 0.5 p1 4125 4377
1660 3570726 m1 906237 0 0.5 p1 3568 4385
1661 4028039 m1 906771 0 0.5 p1 4026 4385
1662 3733641 m1 906925 0 0.5 p1 3731 4385
1663 3453407 m1 267988 0 0.5 p1 3451 4390
1664 3446317 m1 994784 0 0.5 p1 3444 4392
1665 3588487 m1 347542 0 0.5 p1 3586 4396
1666 4029570 m1 211366 0 0.5 p1 4027 4398
1667 3940519 m2 780583 -0.000141945 0.5 p1 3938 4401
1668 3438414 m2 969194 -0.000204786 0.5 p1 3436 4405
1669 2333785 m1 971327 0 0.5 p1 2333 4405
1670 4148265 m1 425226 0 0.5 p1 4146 4408
1671 4020584 m2 429222 -2.24757e-05 0.5 p1 4018 4408
1672 4026446 m1 731884 0 0.5 p1 4024 4416
1673 3715362 m1 119394 0 0.5 p1 3712 4420
1674 3533392 m2 119863 -4.09541e-07 0.5 p1 3531 4420
1675 3795484 m1 257097 0 0.5 p1 3793 4420
1676 3713412 m2 944348 -3.69255e-05 0.5 p1 3711 4424
1677 4024004 m1 216277 0 0.5 p1 4022 4425
1678 3931064 m1 860811 0 0.5 p1 3928 4425
1679 4044023 m1 559176 0 0.5 p1 4042 4426
1680 3802728 m2 856904 -3.57354e-05 0.5 p1 3800 4427
1681 3723996 m1 857508 0 0.5 p1 3721 4427
1682 3885293 m1 517044 0 0.5 p1 3883 4429
1683 4110635 m1 412593 0 0.5 p1 4109 4434
1684 4236109 m2 428974 -0.000937669 0.5 p1 4234 4442
1685 4088994 m2 671022 -0.00322534 0.5 p1 4087 4447
1686 3980900 m2 657569 -2.5207e-05 0.5 p1 3978 4451
1687 3129282 m2 936635 -0.00617308 0.5 p1 3129 4457
1688 4118201 m1 706511 0 0.5 p1 4116 4460
1689 3798092 m2 911270 -0.000179645 0.5 p1 3795 4471
1690 3908886 m1 911866 0 0.5 p1 3906 4471
1691 3696192 m2 936919 -1.30787e-07 0.5 p1 3693 4471
1692 3564568 m1 936942 0 0.5 p1 3562 4471
1693 3622754 m1 14920 0 0.5 p1 3620 4473
1694 3617702 m2 15157 -0.0107533 0.5 p1 3615 4473
1695 3513489 m1 15634 0 0.5 p1 3511 4473
1696 3589319 m2 67413 -0.00177893 0.5 p1 3587 4479
1697 3717111 m2 455318 -7.89481e-07 0.5 p1 3714 4480
1698 4035990 m2 483392 -0.000104832 0.5 p1 4034 4483
1699 3818985 m1 162378 0 0.5 p1 3816 4484
1700 4116712 m1 163330 0 0.5 p1 4115 4484
1701 4119272 m1 163860 0 0.5 p1 4117 4487
1702 3530542 m1 729197 0 0.5 p1 3528 4494
1703 3918355 m1 729421 0 0.5 p1 3916 4494
1704 3711821 m1 621706 0 0.5 p1 3709 4496
1705 3687890 m2 958123 -0.00898037 0.5 p1 3685 4500
1706 3577329 m1 958190 0 0.5 p1 3575 4500
1707 4080419 m1 987071 0 0.5 p1 4078 4500
1708 3619068 m1 719899 0 0.5 p1 3616 4502
1709 4234504 m2 731972 -0.000701571 0.5 p1 4233 4502
1710 3459624 m1 913055 0 0.5 p1 3457 4503
1711 4183240 m1 685538 0 0.5 p1 4182 4504
1712 4024585 m1 685752 0 0.5 p1 4022 4504
1713 4047282 m1 830148 0 0.5 p1 4045 4508
1714 3977190 m1 392249 0 0.5 p1 3974 4509
1715 3758666 m1 388080 0 0.5 p1 3756 4512
1716 3860028 m1 388482 0 0.5 p1 3857 4512
1717 3884307 m2 660003 -1.144e-06 0.5 p1 3882 4513
1718 4041341 m1 146511 0 0.5 p1 4039 4523
1719 3762279 m2 186287 -0.000838633 0.5 p1 3759 4526
1720 3626881 m1 27724 0 0.5 p1 3624 4529
1721 4271980 m2 165914 -0.00113813 0.5 p1 4270 4532
1722 3312967 m2 796531 -0.00227402 0.5 p1 3311 4535
1723 3515096 m1 799001 0 0.5 p1 3512 4535
1724 3997739 m1 800046 0 0.5 p1 3995 4535
1725 3805370 m1 36359 0 0.5 p1 3803 4539
1726 4202841 m1 38551 0 0.5 p1 4201 4539
1727 3365347 m1 44068 0 0.5 p1 3363 4543
1728 3408157 m1 44951 0 0.5 p1 3406 4543
1729 3995983 m1 129744 0 0.5 p1 3993 4546
1730 4127865 m1 822333 0 0.5 p1 4126 4549
1731 3870159 m2 824285 -0.00609201 0.5 p1 3867 4549
1732 3777211 m1 949031 0 0.5 p1 3774 4554
1733 4026623 m2 894896 -0.00442664 0.5 p1 4024 4556
1734 3768421 m1 31634 0 0.5 p1 3765 4566
1735 4185208 m1 44888 0 0.5 p1 4184 4566
1736 4236059 m2 752331 -0.00538831 0.5 p1 4234 4567
1737 4036781 m2 303902 -0.00216671 0.5 p1 4035 4569
1738 4150408 m1 45813 0 0.5 p1 4148 4570
1739 3718695 m1 11639 0 0.5 p1 3716 4572
1740 4213861 m2 14374 -2.65642e-05 0.5 p1 4212 4572
1741 4290789 m1 164052 0 0.5 p1 4288 4575
1742 3771542 m1 956182 0 0.5 p1 3769 4575
1743 3785847 m1 956207 0 0.5 p1 3783 4575
1744 4014115 m1 544059 0 0.5 p1 4012 4576
1745 3257435 m1 100405 0 0.5 p1 3256 4581
1746 4314082 m1 38747 0 0.5 p1 4312 4582
1747 4175822 m1 194144 0 0.5 p1 4174 4584
1748 3547899 m1 356563 0 0.5 p1 3545 4584
1749 3977688 m1 357410 0 0.5 p1 3975 4584
1750 3950591 m1 360472 0 0.5 p1 3948 4584
1751 3725993 m2 113860 -5.16964e-05 0.5 p1 3723 4588
1752 3975253 m1 611783 0 0.5 p1 3972 4589
1753 3978153 m1 386309 0 0.5 p1 3975 4595
1754 3031288 m1 200119 0 0.5 p1 3030 4597
1755 4026377 m1 204407 0 0.5 p1 4024 4597
1756 3778589 m1 460033 0 0.5 p1 3776 4604
1757 3001684 m2 471797 -2.5194e-05 0.5 p1 3001 4606
1758 3476297 m1 73780 0 0.5 p1 3474 4609
1759 4053017 m1 757366 0 0.5 p1 4051 4617
1760 4283740 m2 35915 -0.00120952 0.5 p1 4281 4619
1761 3389963 m2 615929 -0.00349745 0.5 p1 3387 4622
1762 3709482 m2 616326 -3.74355e-08 0.5 p1 3707 4622
1763 4104162 m1 24199 0 0.5 p1 4102 4627
1764 4148106 m1 414514 0 0.5 p1 4146 4632
1765 4136499 m1 27252 0 0.5 p1 4134 4651
1766 4227952 m1 331588 0 0.5 p1 4226 4651
1767 3723415 m1 764742 0 0.5 p1 3721 4651
1768 3624947 m1 287703 0 0.5 p1 3622 4654
1769 3906674 m2 449699 -0.00216932 0.5 p1 3904 4665
1770 4289499 m2 762712 -0.000748903 0.5 p1 4287 4666
1771 2770842 m1 763124 0 0.5 p1 2770 4666
1772 3836825 m1 763312 0 0.5 p1 3834 4666
1773 2944657 m2 763948 -0.00426701 0.5 p1 2944 4666
1774 3110186 m1 764073 0 0.5 p1 3110 4666
1775 3184635 m1 765353 0 0.5 p1 3183 4666
1776 3546055 m1 765849 0 0.5 p1 3544 4666
1777 4077837 m1 766019 0 0.5 p1 4076 4666
1778 4176348 m1 769046 0 0.5 p1 4175 4672
1779 4158980 m1 769460 0 0.5 p1 4157 4672
1780 4232544 m2 435063 -2.55276e-07 0.5 p1 4231 4679
1781 3775706 m2 566303 -7.77377e-05 0.5 p1 3773 4683
1782 3648240 m1 566729 0 0.5 p1 3646 4683
1783 3788066 m1 567329 0 0.5 p1 3785 4683
1784 4155907 m2 955561 -0.000170242 0.5 p1 4154 4683
1785 3842375 m2 523793 -0.00270096 0.5 p1 3840 4689
1786 4305814 m1 346722 0 0.5 p1 4304 4692
1787 4105414 m1 397964 0 0.5 p1 4103 4693
1788 3779890 m1 469142 0 0.5 p1 3777 4702
1789 4115319 m2 472278 -0.000809333 0.5 p1 4113 4702
1790 4063368 m1 554806 0 0.5 p1 4061 4708
1791 4095145 m1 68060 0 0.5 p1 4093 4710
1792 3805019 m1 19327 0 0.5 p1 3803 4712
1793 3605835 m1 106423 0 0.5 p1 3603 4712
1794 4393148 m1 106484 0 0.5 p1 4391 4712
1795 4273107 m2 474652 -0.00486515 0.5 p1 4271 4712
1796 4479607 m1 475822 0 0.5 p1 4478 4712
1797 4067855 m2 101235 -0.000247696 0.5 p1 4066 4716
1798 4289168 m2 158239 -0.000245277 0.5 p1 4287 4717
1799 4235066 m2 185255 -0.000941555 0.5 p1 4233 4720
1800 4237746 m1 486933 0 0.5 p1 4236 4722
1801 4232457 m1 580293 0 0.5 p1 4231 4724
1802 3829254 m1 605853 0 0.5 p1 3827 4726
1803 4222415 m1 891138 0 0.5 p1 4221 4732
1804 4206978 m2 581100 -3.11714e-06 0.5 p1 4205 4733
1805 4388058 m2 581105 -0.000494373 0.5 p1 4386 4733
1806 4249488 m1 581634 0 0.5 p1 4248 4733
1807 4184337 m1 602242 0 0.5 p1 4183 4733
1808 3601916 m1 207229 0 0.5 p1 3599 4739
1809 4347202 m1 468455 0 0.5 p1 4345 4739
1810 4273224 m1 710664 0 0.5 p1 4271 4741
1811 3923236 m1 885775 0 0.5 p1 3920 4749
1812 4163581 m1 485618 0 0.5 p1 4162 4750
1813 3998308 m2 485875 -0.00206841 0.5 p1 3996 4750
1814 4239202 m2 573410 -5.29952e-05 0.5 p1 4238 4763
1815 3895419 m2 506383 -1.67764e-05 0.5 p1 3893 4768
1816 4029633 m1 506690 0 0.5 p1 4027 4768
1817 3923113 m2 813958 -0.000178063 0.5 p1 3920 4774
1818 4473020 m1 819855 0 0.5 p1 4471 4774
1819 4038344 m1 90179 0 0.5 p1 4036 4784
1820 4517825 m1 352059 0 0.5 p1 4516 4787
1821 4607340 m1 352891 0 0.5 p1 4606 4787
1822 4410573 m1 357137 0 0.5 p1 4409 4787
1823 4424362 m2 357337 -2.60963e-05 0.5 p1 4423 4787
1824 4585112 m1 357991 0 0.5 p1 4583 4787
1825 4488980 m2 840571 -0.00141692 0.5 p1 4487 4798
1826 3700051 m2 928402 -0.000297603 0.5 p1 3697 4802
1827 3697417 m1 759154 0 0.5 p1 3695 4805
1828 3894049 m1 3644 0 0.5 p1 3892 4810
1829 4447110 m1 478381 0 0.5 p1 4445 4814
1830 4334110 m2 129742 -3.52977e-05 0.5 p1 4332 4819
1831 4445502 m2 447309 -7.58898e-05 0.5 p1 4444 4820
1832 4411045 m1 447533 0 0.5 p1 4409 4820
1833 4183819 m2 570106 -0.00787397 0.5 p1 4182 4820
1834 4473934 m1 508883 0 0.5 p1 4472 4822
1835 4361075 m2 572427 -9.21526e-05 0.5 p1 4359 4825
1836 4157359 m1 439083 0 0.5 p1 4155 4831
1837 3842047 m1 563856 0 0.5 p1 3840 4831
1838 4202072 m1 521533 0 0.5 p1 4200 4832
1839 3954486 m1 295684 0 0.5 p1 3952 4833
1840 4455145 m2 296214 -0.00622678 0.5 p1 4453 4833
1841 3616661 m2 296397 -1.74992e-05 0.5 p1 3614 4833
1842 4408493 m1 798494 0 0.5 p1 4406 4837
1843 4602785 m2 799258 -0.00124661 0.5 p1 4601 4837
1844 4275108 m2 339336 -0.00280575 0.5 p1 4273 4841
1845 4010369 m1 518594 0 0.5 p1 4008 4844
1846 3796309 m1 518889 0 0.5 p1 3794 4844
1847 4154974 m1 520178 0 0.5 p1 4153 4844
1848 3944059 m2 312983 -0.000294649 0.5 p1 3941 4847
1849 4289105 m2 317372 -2.40094e-05 0.5 p1 4287 4847
1850 4256879 m1 847538 0 0.5 p1 4255 4848
1851 4143383 m1 848006 0 0.5 p1 4141 4848
1852 4169445 m1 551224 0 0.5 p1 4168 4852
1853 4272607 m1 934763 0 0.5 p1 4271 4852
1854 3848765 m2 935969 -0.00494082 0.5 p1 3846 4852
1855 4376718 m2 578003 -0.00607113 0.5 p1 4375 4854
1856 4422874 m2 579058 -0.000213947 0.5 p1 4421 4854
1857 3948535 m1 579125 0 0.5 p1 3946 4854
1858 4334301 m1 850294 0 0.5 p1 4332 4854
1859 4395470 m2 483961 -2.16458e-07 0.5 p1 4393 4855
1860 4546628 m1 848230 0 0.5 p1 4545 4857
1861 4522716 m2 848506 -0.00187558 0.5 p1 4521 4857
1862 3742835 m1 497233 0 0.5 p1 3740 4865
1863 3130218 m1 321639 0 0.5 p1 3130 4869
1864 4203862 m1 289695 0 0.5 p1 4202 4882
1865 4108146 m1 290013 0 0.5 p1 4106 4882
1866 4562632 m1 842927 0 0.5 p1 4561 4882
1867 3866528 m1 931081 0 0.5 p1 3864 4886
1868 4021737 m2 932065 -0.000113559 0.5 p1 4020 4886
1869 3462584 m1 933855 0 0.5 p1 3460 4886
1870 2441805 m1 495256 0 0.5 p1 2441 4887
1871 4508919 m1 854498 0 0.5 p1 4507 4889
1872 3960293 m1 52726 0 0.5 p1 3957 4891
1873 4180210 m1 552144 0 0.5 p1 4179 4901
1874 3941019 m1 293670 0 0.5 p1 3938 4908
1875 3982265 m1 696382 0 0.5 p1 3979 4910
1876 4263197 m1 646780 0 0.5 p1 4261 4917
1877 4491214 m1 647494 0 0.5 p1 4489 4917
1878 3661862 m1 528613 0 0.5 p1 3659 4925
1879 4466130 m1 595973 0 0.5 p1 4464 4933
1880 4606899 m2 839318 -9.81925e-05 0.5 p1 4605 4933
1881 4540663 m1 736020 0 0.5 p1 4539 4943
1882 4182725 m1 826742 0 0.5 p1 4181 4943
1883 4155162 m1 828698 0 0.5 p1 4153 4943
1884 3448226 m1 46839 0 0.5 p1 3445 4946
1885 3962076 m2 960408 -0.00234552 0.5 p1 3959 4955
1886 4046754 m2 961624 -0.000890464 0.5 p1 4045 4955
1887 4197897 m1 963047 0 0.5 p1 4196 4955
1888 4284210 m1 964020 0 0.5 p1 4282 4955
1889 3822404 m1 966017 0 0.5 p1 3820 4955
1890 4433527 m1 967570 0 0.5 p1 4432 4955
1891 4210866 m1 971554 0 0.5 p1 4209 4955
1892 3984126 m2 598401 -0.00197565 0.5 p1 3981 4966
1893 4219058 m2 599197 -6.73341e-05 0.5 p1 4217 4966
1894 4404481 m1 378672 0 0.5 p1 4402 4975
1895 4468384 m1 379134 0 0.5 p1 4467 4975
1896 4206054 m1 697221 0 0.5 p1 4204 4975
1897 4022407 m1 697316 0 0.5 p1 4020 4975
1898 4323128 m1 328245 0 0.5 p1 4321 4978
1899 3390228 m2 648943 -8.31023e-05 0.5 p1 3387 4979
1900 4266554 m1 920824 0 0.5 p1 4265 4980
1901 4264657 m1 921980 0 0.5 p1 4263 4980
1902 4552469 m1 315190 0 0.5 p1 4551 4985
1903 3962620 m1 947480 0 0.5 p1 3960 4989
1904 4596912 m2 507048 -0.000117533 0.5 p1 4595 4992
1905 4419229 m1 937636 0 0.5 p1 4417 4993
1906 3621934 m1 206382 0 0.5 p1 3619 4995
1907 4197829 m1 322344 0 0.5 p1 4196 4996
1908 3536500 m1 323123 0 0.5 p1 3534 4996
