842 1855044 m2 952615 -6.75071569e-05 0.5 p1 1855 6
339 2926323 m2 975507 -2.3793334e-09 0.5 p1 2925 7
118 2940910 m1 323881 0 0.5 p1 2940 10
749 2970156 m1 274289 0 0.5 p1 2969 2
1056 3001332 m1 805981 0 0.5 p1 3000 3
338 3156840 m1 974172 0 0.5 p1 3156 6
556 3185898 m1 977535 0 0.5 p1 3185 4
120 3225123 m2 325661 -3.08813578e-05 0.5 p1 3223 10
98 3312921 m1 274440 0 0.5 p1 3311 8
336 3381170 m2 971995 -3.74523734e-05 0.5 p1 3378 8
695 3420330 m1 974195 0 0.5 p1 3418 6
446 3425009 m1 512187 0 0.5 p1 3422 4
405 3427375 m2 213506 -2.94211441e-05 0.5 p1 3425 4
555 3440686 m1 977429 0 0.5 p1 3438 4
183 3452312 m1 533614 0 0.5 p1 3450 10
612 3484945 m1 286349 0 0.5 p1 3482 1
277 3486902 m1 793384 0 0.5 p1 3484 2
558 3497922 m1 979264 0 0.5 p1 3495 4
1164 3569552 m2 623375 -7.26298749e-05 0.5 p1 3567 1
917 3588470 m2 636939 -0.00414131815 0.5 p1 3586 1
747 3652742 m1 273637 0 0.5 p1 3650 2
274 3657377 m2 792235 -0.00230265968 0.5 p1 3655 2
659 3693265 m1 665176 0 0.5 p1 3690 1
323 3725961 m1 945595 0 0.5 p1 3723 6
943 3738321 m2 810989 -0.00104328687 0.5 p1 3736 1
119 3775906 m1 324027 0 0.5 p1 3773 10
918 3783094 m2 637200 -1.31591219e-06 0.5 p1 3780 3
283 3795351 m2 806016 -1.32362093e-05 0.5 p1 3793 7
340 3829252 m1 975767 0 0.5 p1 3827 7
337 3837467 m2 973936 -0.00142633787 0.5 p1 3835 4
314 3842307 m2 916774 -3.60613885e-05 0.5 p1 3840 3
1135 3844844 m1 971696 0 0.5 p1 3842 2
474 3869528 m1 631549 0 0.5 p1 3867 6
106 3874558 m1 281868 0 0.5 p1 3872 9
201 3893649 m1 587664 0 0.5 p1 3891 8
275 3902150 m2 792367 -5.39457105e-05 0.5 p1 3899 2
203 3911085 m1 588327 0 0.5 p1 3908 8
202 3927873 m1 587701 0 0.5 p1 3925 8
288 3928878 m1 816715 0 0.5 p1 3926 10
960 3965465 m1 953791 0 0.5 p1 3963 5
138 3968563 m2 394275 -0.00115043123 0.5 p1 3966 3
15 3969380 m1 54800 0 0.5 p1 3967 7
220 3970179 m1 629665 0 0.5 p1 3967 6
62 3989779 m1 189361 0 0.5 p1 3987 10
281 3989990 m1 804742 0 0.5 p1 3987 9
92 4004344 m2 254736 -0.000704376085 0.5 p1 4002 10
73 4008005 m2 216970 -0.00051982695 0.5 p1 4006 8
70 4036822 m2 215867 -0.00474490644 0.5 p1 4035 8
0 4043485 m2 955 -2.39302585e-06 0.5 p1 4041 7
581 4044642 m2 104915 -0.0018901563 0.5 p1 4042 5
222 4057283 m1 634956 0 0.5 p1 4055 9
1111 4059736 m1 587189 0 0.5 p1 4057 3
354 4078084 m1 997701 0 0.5 p1 4076 10
221 4078260 m1 630119 0 0.5 p1 4076 8
508 4079353 m1 790821 0 0.5 p1 4077 8
351 4100220 m1 988242 0 0.5 p1 4098 5
316 4108421 m1 923521 0 0.5 p1 4106 2
39 4111338 m2 135224 -0.00370943756 0.5 p1 4109 6
543 4112536 m1 915439 0 0.5 p1 4111 7
313 4120312 m2 916736 -0.00499629928 0.5 p1 4118 3
264 4127900 m2 772500 -0.000394682371 0.5 p1 4126 4
57 4127967 m1 182552 0 0.5 p1 4126 3
263 4132662 m1 760308 0 0.5 p1 4131 8
184 4139852 m1 537636 0 0.5 p1 4138 9
345 4143607 m2 979810 -0.00659585791 0.5 p1 4142 5
192 4145972 m2 553384 -1.14551676e-05 0.5 p1 4144 9
499 4162503 m2 773571 -7.31068349e-06 0.5 p1 4160 8
782 4169358 m1 464060 0 0.5 p1 4168 5
1066 4179643 m1 950953 0 0.5 p1 4178 1
320 4181749 m2 941030 -0.00110942102 0.5 p1 4180 6
596 4181940 m1 187591 0 0.5 p1 4180 5
741 4194415 m1 256692 0 0.5 p1 4193 2
533 4198248 m2 901905 -0.000405894301 0.5 p1 4197 2
699 4198927 m1 980142 0 0.5 p1 4197 5
604 4201012 m1 276686 0 0.5 p1 4199 3
534 4206177 m1 902576 0 0.5 p1 4204 3
916 4210502 m1 636910 0 0.5 p1 4209 1
102 4210853 m2 276581 -0.0045011621 0.5 p1 4209 7
265 4214891 m2 776372 -0.00161077757 0.5 p1 4213 10
326 4216218 m2 950973 -3.77511697e-06 0.5 p1 4214 9
87 4218866 m1 246183 0 0.5 p1 4217 6
754 4225087 m2 307126 -0.00191217777 0.5 p1 4223 2
267 4227449 m1 785334 0 0.5 p1 4226 5
276 4232119 m1 793220 0 0.5 p1 4231 2
1019 4235100 m1 425039 0 0.5 p1 4233 1
424 4246044 m1 394272 0 0.5 p1 4244 7
262 4246936 m1 759498 0 0.5 p1 4245 10
33 4249008 m1 117958 0 0.5 p1 4247 9
344 4257626 m1 978870 0 0.5 p1 4256 6
233 4263198 m1 671784 0 0.5 p1 4261 9
104 4264628 m1 279316 0 0.5 p1 4263 7
343 4265067 m1 978426 0 0.5 p1 4263 6
348 4268190 m1 981995 0 0.5 p1 4266 5
97 4268741 m2 273927 -0.000122412399 0.5 p1 4267 8
725 4276398 m1 121279 0 0.5 p1 4274 4
280 4279549 m1 800772 0 0.5 p1 4277 5
554 4280005 m1 976989 0 0.5 p1 4278 5
668 4282401 m1 747574 0 0.5 p1 4280 5
735 4294047 m2 215537 -0.0122402385 0.5 p1 4292 2
257 4294204 m1 748723 0 0.5 p1 4292 5
152 4295574 m2 421358 -0.00445878552 0.5 p1 4293 9
54 4296631 m1 174631 0 0.5 p1 4294 10
58 4297397 m2 186495 -0.00344210467 0.5 p1 4295 5
1165 4298125 m1 671844 0 0.5 p1 4296 1
255 4299235 m1 743537 0 0.5 p1 4297 6
696 4300628 m2 974528 -0.00578587968 0.5 p1 4299 6
293 4301982 m2 862040 -0.000887549424 0.5 p1 4300 10
303 4304427 m2 891233 -0.000299633713 0.5 p1 4302 7
309 4310403 m1 912314 0 0.5 p1 4308 3
1057 4311293 m2 807803 -4.96763555e-08 0.5 p1 4309 3
473 4313213 m2 630887 -0.00331266667 0.5 p1 4311 2
609 4313513 m2 284339 -0.00700146751 0.5 p1 4311 1
406 4318141 m1 219554 0 0.5 p1 4316 6
105 4324593 m2 279541 -9.00992818e-05 0.5 p1 4323 7
983 4325304 m1 116218 0 0.5 p1 4323 1
78 4326540 m1 230706 0 0.5 p1 4324 9
96 4328029 m1 270960 0 0.5 p1 4326 7
919 4328289 m2 638460 -7.3085168e-05 0.5 p1 4326 3
160 4333296 m1 441274 0 0.5 p1 4331 9
529 4335290 m1 899019 0 0.5 p1 4333 7
560 4335663 m2 990521 -1.65629586e-07 0.5 p1 4333 5
449 4341154 m2 515378 -0.00212077098 0.5 p1 4339 5
475 4345013 m1 631915 0 0.5 p1 4343 6
521 4347986 m2 871712 -0.00485160388 0.5 p1 4346 8
346 4350260 m1 979997 0 0.5 p1 4348 5
133 4352263 m1 383682 0 0.5 p1 4350 3
296 4352803 m2 867753 -0.00229347916 0.5 p1 4351 10
247 4355637 m1 720672 0 0.5 p1 4353 10
305 4358428 m1 896480 0 0.5 p1 4356 5
135 4361366 m1 389203 0 0.5 p1 4359 3
261 4367642 m1 755481 0 0.5 p1 4366 7
914 4376140 m1 634561 0 0.5 p1 4374 1
142 4377090 m2 406837 -1.2503664e-05 0.5 p1 4375 10
22 4377779 m1 83783 0 0.5 p1 4376 4
240 4379409 m2 693884 -0.00108798547 0.5 p1 4377 6
282 4384027 m2 804877 -8.30069766e-05 0.5 p1 4382 9
175 4391486 m2 503863 -0.00610193191 0.5 p1 4389 10
382 4395143 m1 134217 0 0.5 p1 4393 3
745 4396073 m1 268418 0 0.5 p1 4394 2
570 4397227 m1 57087 0 0.5 p1 4395 3
766 4397930 m1 376764 0 0.5 p1 4396 5
779 4398289 m1 434022 0 0.5 p1 4396 3
224 4399465 m1 639156 0 0.5 p1 4397 7
144 4400685 m1 410397 0 0.5 p1 4398 10
671 4402586 m1 802493 0 0.5 p1 4400 1
1023 4405902 m2 431807 -9.03411419e-05 0.5 p1 4404 1
372 4406773 m1 47773 0 0.5 p1 4405 5
231 4407654 m1 662374 0 0.5 p1 4406 4
697 4407966 m2 975931 -0.00124480599 0.5 p1 4406 3
298 4409275 m1 878156 0 0.5 p1 4407 9
7 4411586 m1 18349 0 0.5 p1 4410 10
698 4412758 m1 975961 0 0.5 p1 4411 3
71 4413052 m2 216130 -0.00126871793 0.5 p1 4411 8
225 4415408 m1 640446 0 0.5 p1 4413 7
165 4418656 m2 456483 -0.00823476817 0.5 p1 4417 4
182 4419552 m1 530516 0 0.5 p1 4418 5
136 4425914 m2 391497 -0.000305592286 0.5 p1 4424 8
151 4426413 m2 417297 -0.000473393302 0.5 p1 4425 4
606 4430099 m1 278844 0 0.5 p1 4428 3
99 4430249 m1 274709 0 0.5 p1 4428 5
66 4431746 m1 197846 0 0.5 p1 4430 3
229 4433264 m1 652912 0 0.5 p1 4431 10
1199 4434376 m1 537159 0 0.5 p1 4433 1
310 4435156 m1 913536 0 0.5 p1 4433 3
769 4436592 m2 382892 -0.00171039393 0.5 p1 4435 5
622 4438544 m2 431562 -0.00021605003 0.5 p1 4437 4
490 4438807 m2 714623 -0.00731729716 0.5 p1 4437 8
876 4439447 m2 171584 -0.00136044354 0.5 p1 4438 2
159 4443865 m1 440648 0 0.5 p1 4442 4
322 4444157 m1 945437 0 0.5 p1 4442 8
218 4444579 m1 624675 0 0.5 p1 4443 9
509 4448141 m1 791872 0 0.5 p1 4446 8
483 4448726 m1 671387 0 0.5 p1 4447 2
1041 4449445 m2 641899 -0.000122361278 0.5 p1 4448 2
1201 4451718 m2 546970 -9.99530166e-05 0.5 p1 4450 1
17 4456420 m1 58565 0 0.5 p1 4455 7
5 4456941 m1 12050 0 0.5 p1 4455 8
693 4460083 m1 947828 0 0.5 p1 4458 2
300 4461355 m2 886794 -0.000406106352 0.5 p1 4459 6
42 4462700 m2 139849 -0.000199072092 0.5 p1 4461 6
210 4465410 m1 608424 0 0.5 p1 4464 8
112 4466121 m1 305340 0 0.5 p1 4464 4
46 4469168 m2 160141 -9.96086892e-05 0.5 p1 4467 6
611 4471740 m1 285037 0 0.5 p1 4470 1
311 4471765 m1 914019 0 0.5 p1 4470 3
204 4471912 m2 591461 -2.07061888e-07 0.5 p1 4470 3
1163 4472712 m1 623128 0 0.5 p1 4471 1
3 4472905 m1 7257 0 0.5 p1 4471 7
244 4473294 m2 713545 -4.48169061e-07 0.5 p1 4471 2
680 4476473 m2 889257 -0.000674917363 0.5 p1 4475 1
360 4476561 m1 5038 0 0.5 p1 4475 1
6 4478163 m1 12552 0 0.5 p1 4476 9
628 4482466 m2 458587 -0.001940149 0.5 p1 4480 6
53 4484862 m1 174039 0 0.5 p1 4483 3
69 4486257 m1 204180 0 0.5 p1 4484 3
207 4487273 m1 597361 0 0.5 p1 4485 6
179 4488589 m2 517610 -1.86039799e-07 0.5 p1 4487 6
786 4488598 m1 513446 0 0.5 p1 4487 1
250 4490007 m1 723228 0 0.5 p1 4488 9
307 4490009 m2 901796 -0.000538912253 0.5 p1 4488 3
457 4490195 m1 535879 0 0.5 p1 4488 6
542 4491020 m1 914917 0 0.5 p1 4489 7
748 4491060 m1 274281 0 0.5 p1 4489 2
359 4491366 m1 4726 0 0.5 p1 4489 1
767 4494187 m1 377956 0 0.5 p1 4492 5
1020 4495787 m2 426864 -0.00145701587 0.5 p1 4494 1
153 4497869 m1 422825 0 0.5 p1 4496 9
155 4497987 m1 431506 0 0.5 p1 4496 5
48 4498309 m1 167102 0 0.5 p1 4496 10
585 4498717 m1 119945 0 0.5 p1 4497 5
212 4498864 m2 613451 -0.000555775245 0.5 p1 4497 3
717 4500750 m1 41299 0 0.5 p1 4499 3
26 4503050 m2 94584 -0.00372713921 0.5 p1 4501 8
491 4503527 m1 714928 0 0.5 p1 4502 8
853 4503892 m1 988721 0 0.5 p1 4502 2
492 4504805 m1 716006 0 0.5 p1 4503 8
862 4505284 m1 24102 0 0.5 p1 4503 1
854 4506551 m1 989140 0 0.5 p1 4505 2
713 4508848 m1 35527 0 0.5 p1 4507 3
1192 4511349 m2 941866 -0.000397967728 0.5 p1 4510 1
377 4512030 m1 84307 0 0.5 p1 4510 5
197 4513821 m1 561868 0 0.5 p1 4512 4
850 4514376 m1 979820 0 0.5 p1 4513 1
685 4514458 m2 908836 -0.000662466162 0.5 p1 4513 2
249 4515308 m1 721959 0 0.5 p1 4513 3
636 4516173 m1 483655 0 0.5 p1 4514 3
273 4516857 m2 791341 -0.000573836442 0.5 p1 4515 2
239 4518879 m1 693018 0 0.5 p1 4517 6
34 4520588 m1 120158 0 0.5 p1 4519 5
18 4520906 m2 66908 -2.52131977e-05 0.5 p1 4519 10
525 4522717 m1 888248 0 0.5 p1 4521 2
107 4522911 m1 285674 0 0.5 p1 4521 9
214 4522994 m1 621032 0 0.5 p1 4521 9
16 4523089 m1 55561 0 0.5 p1 4521 7
315 4524228 m1 917426 0 0.5 p1 4522 3
1173 4524442 m1 749533 0 0.5 p1 4523 1
21 4525295 m1 82650 0 0.5 p1 4524 7
187 4525768 m1 545024 0 0.5 p1 4524 9
27 4525932 m1 95008 0 0.5 p1 4524 5
435 4529583 m1 440320 0 0.5 p1 4528 6
561 4530210 m1 991857 0 0.5 p1 4529 2
389 4531141 m2 172733 -0.000444834062 0.5 p1 4530 5
495 4534368 m1 721011 0 0.5 p1 4533 6
843 4536030 m1 953008 0 0.5 p1 4534 6
712 4536738 m1 32924 0 0.5 p1 4535 3
823 4537309 m1 770278 0 0.5 p1 4536 3
254 4539986 m1 741582 0 0.5 p1 4538 4
724 4541103 m1 121014 0 0.5 p1 4539 4
583 4541532 m1 107300 0 0.5 p1 4540 5
594 4543019 m1 185818 0 0.5 p1 4541 5
478 4543253 m1 644989 0 0.5 p1 4541 6
100 4544107 m2 275029 -0.00028635835 0.5 p1 4542 5
905 4545580 m2 576831 -0.00137614657 0.5 p1 4544 3
145 4546446 m2 410869 -0.011740434 0.5 p1 4545 10
926 4547719 m1 704710 0 0.5 p1 4546 4
404 4547819 m2 211205 -0.0020277556 0.5 p1 4546 5
701 4547901 m1 981038 0 0.5 p1 4546 4
679 4549027 m1 888468 0 0.5 p1 4547 4
361 4549763 m1 8065 0 0.5 p1 4548 2
700 4550332 m1 980180 0 0.5 p1 4549 4
624 4552852 m2 441977 -0.000684049039 0.5 p1 4551 4
458 4553529 m1 536348 0 0.5 p1 4552 6
251 4554026 m2 727948 -0.00017364521 0.5 p1 4552 6
702 4555655 m1 981969 0 0.5 p1 4554 4
929 4556043 m1 721043 0 0.5 p1 4554 1
677 4556534 m2 884889 -0.000371641683 0.5 p1 4555 4
431 4559463 m1 420539 0 0.5 p1 4558 6
805 4559583 m2 666586 -0.00196956494 0.5 p1 4558 5
64 4564440 m1 192636 0 0.5 p1 4563 8
91 4566050 m1 251043 0 0.5 p1 4564 6
116 4566297 m1 307981 0 0.5 p1 4564 8
20 4568128 m1 79171 0 0.5 p1 4566 9
669 4568167 m1 768415 0 0.5 p1 4566 4
180 4572940 m1 521035 0 0.5 p1 4571 10
1183 4573709 m1 878665 0 0.5 p1 4572 1
536 4573917 m2 902853 -0.000855988998 0.5 p1 4572 3
707 4575187 m2 986412 -0.000147470666 0.5 p1 4573 6
131 4575545 m1 377607 0 0.5 p1 4574 5
140 4575562 m1 402027 0 0.5 p1 4574 3
163 4575961 m1 449079 0 0.5 p1 4574 5
808 4577877 m1 707844 0 0.5 p1 4576 5
795 4577921 m1 555807 0 0.5 p1 4576 1
356 4578826 m1 999335 0 0.5 p1 4577 10
1119 4578945 m2 734269 -1.31901217e-07 0.5 p1 4577 3
219 4579577 m1 626374 0 0.5 p1 4578 9
297 4580847 m1 872160 0 0.5 p1 4579 2
384 4581127 m1 140348 0 0.5 p1 4579 6
198 4581251 m1 565337 0 0.5 p1 4579 7
45 4582469 m1 160037 0 0.5 p1 4581 6
608 4582565 m1 282581 0 0.5 p1 4581 1
765 4583920 m1 369990 0 0.5 p1 4582 3
682 4586077 m2 897217 -0.000459286122 0.5 p1 4584 2
522 4591232 m1 872420 0 0.5 p1 4589 8
603 4591560 m2 250038 -0.00013640555 0.5 p1 4590 2
319 4592651 m2 935152 -0.000485585799 0.5 p1 4591 3
978 4594204 m1 100658 0 0.5 p1 4592 1
1200 4594579 m1 544741 0 0.5 p1 4593 1
751 4596039 m2 275523 -0.000498054316 0.5 p1 4594 2
1080 4596348 m2 574055 -0.00359440967 0.5 p1 4595 4
370 4600866 m2 44398 -0.00159210281 0.5 p1 4599 3
635 4600920 m1 481751 0 0.5 p1 4599 3
93 4601380 m1 258715 0 0.5 p1 4600 9
161 4601528 m2 444386 -0.00015672727 0.5 p1 4600 9
68 4602446 m1 200716 0 0.5 p1 4601 3
398 4602906 m2 192797 -0.000753461209 0.5 p1 4601 2
103 4604839 m1 276658 0 0.5 p1 4603 7
692 4605370 m1 947217 0 0.5 p1 4604 2
47 4605428 m1 164388 0 0.5 p1 4604 5
572 4607011 m1 57806 0 0.5 p1 4605 3
1008 4608674 m2 371658 -0.000516642875 0.5 p1 4607 1
2 4609890 m1 4117 0 0.5 p1 4608 8
774 4610174 m2 399820 -0.00785455573 0.5 p1 4609 6
438 4611512 m1 467920 0 0.5 p1 4610 6
855 4611996 m1 992079 0 0.5 p1 4610 2
1073 4612781 m1 973754 0 0.5 p1 4611 5
83 4613609 m2 235461 -0.00509739062 0.5 p1 4612 8
269 4614364 m2 786183 -0.00208109873 0.5 p1 4613 2
654 4614376 m2 607862 -1.52103567e-07 0.5 p1 4613 6
439 4616407 m2 468460 -0.000180746123 0.5 p1 4615 6
771 4617645 m1 393541 0 0.5 p1 4616 5
291 4617819 m1 831596 0 0.5 p1 4616 4
164 4619678 m2 452002 -0.000388985121 0.5 p1 4618 9
722 4619862 m2 112243 -0.000332162861 0.5 p1 4618 4
630 4621087 m1 471652 0 0.5 p1 4620 3
156 4623553 m1 433194 0 0.5 p1 4622 5
731 4624480 m1 162390 0 0.5 p1 4623 4
690 4626079 m2 942348 -4.6486025e-07 0.5 p1 4625 5
11 4627418 m1 45469 0 0.5 p1 4626 5
335 4627613 m1 971810 0 0.5 p1 4626 4
84 4628069 m2 239823 -4.29483725e-06 0.5 p1 4627 2
191 4629326 m1 553037 0 0.5 p1 4628 9
859 4629832 m1 11148 0 0.5 p1 4628 1
863 4630619 m1 33987 0 0.5 p1 4629 1
129 4630873 m1 367235 0 0.5 p1 4629 5
429 4631814 m1 415811 0 0.5 p1 4630 6
333 4632477 m1 968058 0 0.5 p1 4631 10
507 4632709 m1 788689 0 0.5 p1 4631 8
65 4633610 m1 196184 0 0.5 p1 4632 3
397 4634429 m1 192624 0 0.5 p1 4633 2
56 4635820 m2 181920 -0.00492462702 0.5 p1 4634 3
128 4636961 m1 366127 0 0.5 p1 4636 2
9 4637044 m2 35054 -0.000513945823 0.5 p1 4636 6
736 4637455 m1 217360 0 0.5 p1 4636 2
188 4637828 m2 547778 -9.10773233e-05 0.5 p1 4636 9
651 4638183 m2 593564 -0.00208205939 0.5 p1 4637 7
223 4638375 m1 637300 0 0.5 p1 4637 7
990 4641345 m1 231973 0 0.5 p1 4640 1
194 4641799 m2 558584 -1.26678542e-05 0.5 p1 4640 6
284 4642057 m1 809036 0 0.5 p1 4641 3
172 4642264 m2 489688 -1.25602019e-05 0.5 p1 4641 8
584 4643873 m2 107821 -1.36749281e-06 0.5 p1 4643 5
944 4644083 m1 813461 0 0.5 p1 4643 4
13 4644554 m1 47105 0 0.5 p1 4643 5
866 4645275 m2 47268 -4.8159287e-05 0.5 p1 4644 2
211 4646127 m2 613002 -0.0019547767 0.5 p1 4645 3
437 4647252 m2 467918 -0.00835513696 0.5 p1 4646 6
396 4648651 m1 192453 0 0.5 p1 4647 2
325 4648856 m1 949514 0 0.5 p1 4648 6
489 4649667 m1 712099 0 0.5 p1 4648 8
969 4650832 m1 10723 0 0.5 p1 4650 1
108 4651215 m2 290986 -0.00122476649 0.5 p1 4650 9
110 4651216 m1 303642 0 0.5 p1 4650 5
420 4651322 m1 375482 0 0.5 p1 4650 7
810 4651559 m1 723395 0 0.5 p1 4650 1
1068 4652978 m2 958026 -0.00979778077 0.5 p1 4652 1
1175 4655728 m2 752360 -0.00341120991 0.5 p1 4655 1
427 4655893 m1 413525 0 0.5 p1 4655 6
488 4655965 m2 711944 -6.13982702e-05 0.5 p1 4655 8
35 4656393 m2 120627 -0.000107307635 0.5 p1 4655 5
684 4657994 m1 906096 0 0.5 p1 4657 4
378 4658070 m1 86063 0 0.5 p1 4657 5
90 4658107 m1 251009 0 0.5 p1 4657 6
189 4658566 m1 548963 0 0.5 p1 4657 8
578 4658965 m1 97755 0 0.5 p1 4658 5
621 4659422 m1 429181 0 0.5 p1 4658 3
170 4659423 m2 482961 -0.00866864808 0.5 p1 4658 7
259 4659477 m1 750702 0 0.5 p1 4658 5
792 4660009 m2 552930 -0.00561913196 0.5 p1 4659 1
402 4660171 m1 200164 0 0.5 p1 4659 7
141 4661403 m1 402675 0 0.5 p1 4660 3
605 4661953 m2 277800 -0.00376083492 0.5 p1 4661 3
329 4662069 m1 955175 0 0.5 p1 4661 1
532 4665431 m1 901278 0 0.5 p1 4664 2
908 4665689 m2 579070 -1.11009008e-07 0.5 p1 4665 3
386 4666398 m1 151234 0 0.5 p1 4665 2
177 4667731 m1 507154 0 0.5 p1 4667 8
169 4669314 m1 480204 0 0.5 p1 4668 5
394 4669579 m1 190678 0 0.5 p1 4668 2
468 4671411 m2 612880 -0.00655539613 0.5 p1 4670 1
793 4671741 m2 554844 -5.78828849e-06 0.5 p1 4671 1
875 4672710 m1 171346 0 0.5 p1 4672 2
1120 4673199 m1 735686 0 0.5 p1 4672 2
243 4674269 m2 710352 -0.00899243169 0.5 p1 4673 2
967 4674358 m1 6629 0 0.5 p1 4673 1
550 4677106 m2 956446 -3.19568061e-09 0.5 p1 4676 8
1003 4677377 m2 343786 -0.000101324767 0.5 p1 4676 3
342 4678184 m1 977573 0 0.5 p1 4677 1
845 4678317 m2 976526 -0.00606642617 0.5 p1 4677 1
241 4678948 m2 697593 -0.000400140154 0.5 p1 4678 9
407 4679327 m1 238053 0 0.5 p1 4678 6
1182 4680841 m2 875945 -0.000438327872 0.5 p1 4680 1
38 4680961 m1 134954 0 0.5 p1 4680 6
799 4682202 m1 576881 0 0.5 p1 4681 1
846 4682860 m1 977248 0 0.5 p1 4682 1
549 4682987 m2 954858 -0.00704770675 0.5 p1 4682 3
213 4683202 m1 615111 0 0.5 p1 4682 5
787 4683264 m1 513668 0 0.5 p1 4682 1
445 4684822 m1 509026 0 0.5 p1 4683 4
1058 4686267 m1 808019 0 0.5 p1 4685 3
1072 4687816 m1 969139 0 0.5 p1 4686 3
602 4690472 m2 247098 -0.00116789842 0.5 p1 4689 1
663 4690925 m1 678756 0 0.5 p1 4689 2
124 4693043 m1 350645 0 0.5 p1 4692 7
574 4693287 m1 75731 0 0.5 p1 4692 1
25 4693297 m1 89479 0 0.5 p1 4692 3
40 4693460 m1 135811 0 0.5 p1 4692 6
208 4694549 m2 600525 -2.11098609e-07 0.5 p1 4693 4
577 4694742 m1 96735 0 0.5 p1 4693 3
1024 4695587 m2 433708 -0.00012084355 0.5 p1 4694 1
294 4696475 m1 864435 0 0.5 p1 4695 10
587 4696943 m2 126448 -2.12566338e-05 0.5 p1 4695 1
964 4697037 m1 995661 0 0.5 p1 4696 1
75 4697965 m2 219662 -0.00224462361 0.5 p1 4696 2
952 4698657 m1 902567 0 0.5 p1 4697 4
764 4699032 m2 365257 -0.000339329272 0.5 p1 4698 2
195 4699562 m1 559496 0 0.5 p1 4698 6
32 4700015 m1 112354 0 0.5 p1 4698 5
750 4701320 m2 275261 -0.00539952191 0.5 p1 4700 2
290 4701323 m1 830711 0 0.5 p1 4700 10
123 4701800 m1 350365 0 0.5 p1 4700 7
911 4702015 m2 606340 -0.000138017931 0.5 p1 4700 2
19 4702520 m2 68474 -0.00455836579 0.5 p1 4701 8
200 4704126 m1 578967 0 0.5 p1 4703 7
28 4704275 m1 95551 0 0.5 p1 4703 5
626 4705178 m1 447643 0 0.5 p1 4704 4
1131 4705530 m2 893037 -0.00311295874 0.5 p1 4704 2
891 4707266 m1 357459 0 0.5 p1 4706 1
434 4708418 m2 428569 -0.00173777703 0.5 p1 4707 3
193 4709086 m2 554054 -8.65251968e-06 0.5 p1 4708 7
938 4709325 m1 765814 0 0.5 p1 4708 1
328 4709585 m1 954521 0 0.5 p1 4708 1
798 4709873 m2 575075 -0.000160219555 0.5 p1 4708 1
158 4710558 m2 439705 -4.36866612e-05 0.5 p1 4709 4
43 4710749 m1 146810 0 0.5 p1 4709 6
23 4711056 m1 85525 0 0.5 p1 4710 5
681 4711256 m1 894196 0 0.5 p1 4710 1
292 4712826 m2 857633 -0.000412337977 0.5 p1 4711 10
493 4713317 m1 716170 0 0.5 p1 4712 8
113 4713350 m2 305584 -0.00112374267 0.5 p1 4712 4
485 4713362 m1 675572 0 0.5 p1 4712 1
422 4714358 m2 391096 -9.6796728e-05 0.5 p1 4713 2
907 4714598 m1 579055 0 0.5 p1 4713 3
246 4715238 m1 719233 0 0.5 p1 4714 4
480 4716607 m2 664863 -0.00548449624 0.5 p1 4715 1
150 4716835 m1 414388 0 0.5 p1 4715 2
505 4717072 m2 785418 -8.97105201e-05 0.5 p1 4716 3
487 4717438 m1 711590 0 0.5 p1 4716 8
812 4717439 m1 733907 0 0.5 p1 4716 2
496 4717482 m1 728992 0 0.5 p1 4716 4
312 4718409 m1 915038 0 0.5 p1 4717 3
869 4720600 m2 113566 -0.00823271647 0.5 p1 4719 1
632 4721279 m1 472359 0 0.5 p1 4720 3
287 4722264 m1 815123 0 0.5 p1 4721 3
924 4722417 m2 698056 -0.0160965957 0.5 p1 4721 1
704 4722447 m1 984141 0 0.5 p1 4721 5
1055 4722605 m1 805442 0 0.5 p1 4721 3
14 4723010 m2 47263 -0.00199567154 0.5 p1 4722 5
580 4723488 m1 104002 0 0.5 p1 4722 1
181 4723924 m1 527599 0 0.5 p1 4722 10
157 4724342 m1 438006 0 0.5 p1 4723 5
331 4724454 m1 964667 0 0.5 p1 4723 9
708 4724799 m2 999718 -0.0069708582 0.5 p1 4723 2
915 4724801 m1 635478 0 0.5 p1 4723 1
472 4724956 m2 627805 -0.00152448495 0.5 p1 4724 1
471 4725518 m1 622553 0 0.5 p1 4724 2
909 4725896 m1 596268 0 0.5 p1 4724 4
902 4725958 m2 489982 -0.000606175163 0.5 p1 4724 2
1194 4726242 m1 950273 0 0.5 p1 4725 1
1038 4726383 m1 613002 0 0.5 p1 4725 2
130 4726493 m1 376120 0 0.5 p1 4725 2
582 4726825 m1 106682 0 0.5 p1 4725 1
12 4727219 m2 46453 -0.00386065757 0.5 p1 4726 5
1195 4727273 m2 953839 -7.66327219e-07 0.5 p1 4726 1
512 4728126 m1 811958 0 0.5 p1 4727 3
318 4728464 m1 933741 0 0.5 p1 4727 3
256 4728601 m1 744174 0 0.5 p1 4727 5
868 4729684 m1 94807 0 0.5 p1 4728 2
541 4731747 m1 914663 0 0.5 p1 4730 6
235 4734085 m1 672725 0 0.5 p1 4733 7
4 4734545 m2 10609 -7.1233394e-06 0.5 p1 4733 3
524 4735439 m1 884903 0 0.5 p1 4734 1
418 4736477 m2 345671 -1.15319872e-05 0.5 p1 4735 4
392 4737119 m1 183419 0 0.5 p1 4736 7
248 4737752 m2 721709 -0.000102063401 0.5 p1 4736 3
355 4739088 m1 998158 0 0.5 p1 4738 3
37 4739876 m1 132981 0 0.5 p1 4738 3
443 4740291 m1 492538 0 0.5 p1 4739 1
387 4740985 m1 165198 0 0.5 p1 4740 5
215 4742721 m2 622269 -0.000132844551 0.5 p1 4741 7
381 4743103 m1 133412 0 0.5 p1 4742 6
1174 4744438 m1 751547 0 0.5 p1 4743 1
1157 4744453 m1 262145 0 0.5 p1 4743 1
139 4744796 m1 401054 0 0.5 p1 4743 3
514 4745683 m2 815779 -0.000147916042 0.5 p1 4744 3
689 4745767 m1 941736 0 0.5 p1 4744 5
101 4746008 m2 275191 -0.00233889744 0.5 p1 4744 5
896 4746869 m1 415295 0 0.5 p1 4745 2
380 4747528 m1 129340 0 0.5 p1 4746 3
88 4748378 m1 248122 0 0.5 p1 4747 4
24 4748549 m2 86362 -0.000623046188 0.5 p1 4747 5
515 4748886 m1 819018 0 0.5 p1 4747 2
662 4749495 m1 674425 0 0.5 p1 4748 1
803 4749641 m1 631568 0 0.5 p1 4748 4
74 4752256 m1 218129 0 0.5 p1 4751 2
121 4752649 m2 326155 -6.00209642e-05 0.5 p1 4751 9
417 4752650 m2 345226 -7.52859487e-05 0.5 p1 4751 4
979 4753145 m1 105809 0 0.5 p1 4752 1
232 4753638 m1 668972 0 0.5 p1 4752 8
838 4754299 m2 924008 -0.0197720863 0.5 p1 4753 1
537 4757022 m1 907366 0 0.5 p1 4755 5
647 4757613 m1 554465 0 0.5 p1 4756 3
479 4757822 m1 653955 0 0.5 p1 4756 5
334 4758131 m2 969614 -0.00785085652 0.5 p1 4757 3
588 4758742 m1 127021 0 0.5 p1 4757 4
552 4760328 m1 966042 0 0.5 p1 4759 3
352 4760493 m1 989383 0 0.5 p1 4759 4
456 4761401 m2 529021 -0.0030421603 0.5 p1 4760 5
358 4761653 m1 4686 0 0.5 p1 4760 1
122 4763490 m2 339696 -0.000103562583 0.5 p1 4762 3
270 4765390 m1 786185 0 0.5 p1 4764 2
595 4765394 m1 185863 0 0.5 p1 4764 5
414 4765422 m1 304186 0 0.5 p1 4764 2
686 4765470 m1 919206 0 0.5 p1 4764 3
970 4766509 m2 11862 -0.0260856096 0.5 p1 4765 1
36 4766865 m2 122536 -4.15253089e-05 0.5 p1 4765 5
1113 4768142 m2 590467 -0.0761941597 0.5 p1 4767 2
633 4768191 m2 475611 -0.00012724832 0.5 p1 4767 3
539 4768676 m1 909330 0 0.5 p1 4767 5
780 4770033 m2 460157 -0.00135615026 0.5 p1 4769 2
753 4770894 m1 294463 0 0.5 p1 4770 6
76 4771541 m1 224651 0 0.5 p1 4770 9
687 4772395 m1 927893 0 0.5 p1 4771 3
349 4772893 m1 983886 0 0.5 p1 4772 5
301 4773033 m2 887094 -0.0109470794 0.5 p1 4772 4
852 4774596 m2 982332 -0.0044899201 0.5 p1 4773 1
667 4774645 m2 746501 -0.000522560906 0.5 p1 4773 4
72 4774819 m1 216924 0 0.5 p1 4773 2
966 4777155 m1 2002 0 0.5 p1 4776 1
228 4777161 m2 645175 -0.0141504267 0.5 p1 4776 4
962 4777929 m1 967970 0 0.5 p1 4777 1
547 4778899 m1 936491 0 0.5 p1 4778 1
109 4779473 m2 295525 -4.83508447e-05 0.5 p1 4778 4
840 4781142 m1 933177 0 0.5 p1 4780 3
460 4782077 m2 553012 -0.0126968669 0.5 p1 4781 2
440 4782521 m2 469617 -0.00379052502 0.5 p1 4781 6
167 4782721 m2 465031 -0.014048595 0.5 p1 4781 4
126 4782894 m2 357021 -5.09132951e-05 0.5 p1 4782 2
428 4784582 m1 413618 0 0.5 p1 4783 1
423 4785004 m2 393948 -0.00219583255 0.5 p1 4784 2
520 4785256 m1 859622 0 0.5 p1 4784 7
237 4785387 m2 681080 -0.00148848386 0.5 p1 4784 6
86 4786360 m1 245185 0 0.5 p1 4785 5
448 4786449 m2 515238 -0.000836568885 0.5 p1 4785 4
1176 4786507 m1 763239 0 0.5 p1 4785 1
271 4788430 m1 786504 0 0.5 p1 4787 2
166 4789238 m1 463456 0 0.5 p1 4788 5
447 4789616 m1 513714 0 0.5 p1 4788 4
906 4789767 m1 577489 0 0.5 p1 4789 2
739 4790435 m2 252092 -0.00378481764 0.5 p1 4789 3
878 4792129 m1 179327 0 0.5 p1 4791 2
174 4792338 m1 494942 0 0.5 p1 4791 9
655 4792467 m1 612831 0 0.5 p1 4791 4
540 4792574 m1 910788 0 0.5 p1 4791 6
463 4792791 m2 584866 -0.000465280726 0.5 p1 4792 4
176 4795145 m1 506299 0 0.5 p1 4794 2
476 4795913 m2 634258 -0.0142870257 0.5 p1 4795 1
430 4796040 m2 420166 -7.34357454e-05 0.5 p1 4795 2
976 4796337 m1 69759 0 0.5 p1 4795 1
117 4796413 m1 320736 0 0.5 p1 4795 5
760 4797714 m1 335631 0 0.5 p1 4797 2
870 4797887 m2 115458 -0.0176374111 0.5 p1 4797 1
373 4798025 m2 47971 -0.000314058852 0.5 p1 4797 3
504 4802193 m1 783467 0 0.5 p1 4801 3
433 4802297 m2 427579 -0.00110584998 0.5 p1 4801 3
715 4802377 m2 37665 -3.10339199e-09 0.5 p1 4801 3
538 4802583 m1 909037 0 0.5 p1 4802 5
670 4803337 m2 772946 -0.00377720944 0.5 p1 4802 5
147 4804346 m2 411980 -7.08618973e-05 0.5 p1 4803 2
302 4804812 m2 887482 -0.000596554659 0.5 p1 4804 3
528 4805557 m2 898962 -3.64908665e-05 0.5 p1 4805 2
190 4806171 m1 549691 0 0.5 p1 4805 3
773 4807412 m1 398660 0 0.5 p1 4806 6
1069 4807425 m1 963086 0 0.5 p1 4806 3
858 4807504 m2 9834 -0.00398531463 0.5 p1 4807 1
1021 4808534 m1 429373 0 0.5 p1 4808 1
999 4808794 m1 326540 0 0.5 p1 4808 1
395 4808971 m2 190847 -2.2858032e-05 0.5 p1 4808 2
51 4811565 m1 169086 0 0.5 p1 4811 4
401 4811566 m1 199063 0 0.5 p1 4811 6
227 4811932 m2 643460 -0.0015130234 0.5 p1 4811 3
1105 4812948 m1 425960 0 0.5 p1 4812 1
844 4812980 m1 975514 0 0.5 p1 4812 2
610 4813827 m1 284650 0 0.5 p1 4813 1
469 4813893 m2 612902 -0.0162979625 0.5 p1 4813 1
1099 4814317 m1 333809 0 0.5 p1 4813 2
947 4814533 m2 850697 -0.0126348697 0.5 p1 4814 3
781 4815435 m1 463029 0 0.5 p1 4814 4
350 4816099 m1 986185 0 0.5 p1 4815 3
467 4816300 m2 606776 -5.04760465e-06 0.5 p1 4815 1
95 4817394 m1 267427 0 0.5 p1 4816 5
1071 4817444 m1 967217 0 0.5 p1 4816 3
762 4817943 m1 341457 0 0.5 p1 4817 2
936 4818205 m2 747661 -0.00227228389 0.5 p1 4817 3
127 4818405 m2 359130 -0.0030661216 0.5 p1 4817 3
851 4818883 m2 981113 -0.001467961 0.5 p1 4818 1
975 4820104 m1 66737 0 0.5 p1 4819 1
631 4820704 m2 471736 -0.00209188159 0.5 p1 4820 3
366 4820793 m1 32009 0 0.5 p1 4820 2
839 4820830 m1 931530 0 0.5 p1 4820 1
444 4820983 m1 504229 0 0.5 p1 4820 1
459 4821064 m2 545130 -3.07455298e-06 0.5 p1 4820 2
510 4821224 m1 804283 0 0.5 p1 4820 4
829 4821273 m1 863697 0 0.5 p1 4820 2
576 4821300 m1 94023 0 0.5 p1 4820 1
10 4821415 m2 44152 -0.0083646467 0.5 p1 4820 5
1162 4822785 m1 616587 0 0.5 p1 4822 1
559 4823444 m1 986513 0 0.5 p1 4822 1
806 4823862 m2 671939 -0.0109307906 0.5 p1 4823 4
639 4824209 m1 501570 0 0.5 p1 4823 6
644 4824714 m2 536499 -9.81684789e-05 0.5 p1 4824 3
648 4825075 m1 556405 0 0.5 p1 4824 3
60 4825825 m1 188359 0 0.5 p1 4825 3
498 4825938 m1 771183 0 0.5 p1 4825 5
266 4826438 m2 783811 -9.40720856e-05 0.5 p1 4825 2
1166 4826515 m1 671907 0 0.5 p1 4826 1
63 4827271 m1 189828 0 0.5 p1 4826 3
879 4827617 m1 189138 0 0.5 p1 4827 1
1177 4828232 m2 766804 -5.75747654e-05 0.5 p1 4827 1
828 4828414 m2 845505 -0.00213397387 0.5 p1 4827 1
575 4828716 m1 84000 0 0.5 p1 4828 1
419 4828922 m2 358201 -0.00035322638 0.5 p1 4828 4
317 4829494 m1 924183 0 0.5 p1 4829 2
1081 4830995 m2 574564 -1.20917339e-05 0.5 p1 4830 3
706 4832709 m2 985123 -0.000404925959 0.5 p1 4832 3
416 4833225 m1 328667 0 0.5 p1 4832 5
44 4835033 m2 158182 -1.68846618e-05 0.5 p1 4834 2
946 4835987 m2 838118 -0.000444013247 0.5 p1 4835 3
365 4836721 m1 25395 0 0.5 p1 4836 4
1044 4837080 m2 679594 -0.00305158831 0.5 p1 4836 1
206 4837195 m1 594330 0 0.5 p1 4836 3
935 4837964 m2 744687 -3.26321169e-05 0.5 p1 4837 3
1191 4838006 m2 937532 -0.00409744726 0.5 p1 4837 1
627 4838442 m1 454871 0 0.5 p1 4837 1
327 4838885 m2 952636 -0.0090673985 0.5 p1 4838 1
557 4839192 m1 978402 0 0.5 p1 4838 1
755 4841902 m2 316396 -3.10604846e-05 0.5 p1 4841 3
1083 4842479 m2 958876 -3.51960011e-06 0.5 p1 4841 1
1125 4842544 m1 793524 0 0.5 p1 4841 2
385 4844699 m1 145164 0 0.5 p1 4844 5
593 4845126 m2 161443 -6.48943342e-06 0.5 p1 4844 2
1112 4845421 m2 589662 -0.000476523855 0.5 p1 4844 2
811 4846679 m1 732347 0 0.5 p1 4846 1
871 4846985 m1 140089 0 0.5 p1 4846 1
324 4847216 m2 947469 -0.00281551271 0.5 p1 4846 7
856 4847274 m1 997497 0 0.5 p1 4846 1
230 4848101 m1 661506 0 0.5 p1 4847 5
1158 4848134 m2 406080 -0.000660689664 0.5 p1 4847 1
629 4848517 m2 463195 -0.00338287489 0.5 p1 4848 1
513 4848607 m1 812638 0 0.5 p1 4848 3
238 4849408 m2 683242 -0.000432997855 0.5 p1 4848 5
234 4849645 m2 672648 -2.14597371e-08 0.5 p1 4849 3
61 4849663 m2 188532 -1.51706558e-06 0.5 p1 4849 3
901 4850185 m1 482621 0 0.5 p1 4849 2
833 4850529 m1 882336 0 0.5 p1 4850 2
822 4851140 m1 769723 0 0.5 p1 4850 1
30 4851495 m1 100943 0 0.5 p1 4851 3
308 4851700 m1 901963 0 0.5 p1 4851 3
802 4851711 m2 630713 -0.000650155416 0.5 p1 4851 5
861 4851770 m2 19929 -0.0038239744 0.5 p1 4851 1
1039 4852182 m2 613600 -7.4778618e-05 0.5 p1 4851 1
625 4852313 m1 443410 0 0.5 p1 4851 4
154 4852551 m1 428150 0 0.5 p1 4852 3
408 4853427 m1 246930 0 0.5 p1 4853 5
114 4854772 m2 307217 -0.0201775711 0.5 p1 4854 4
775 4855044 m1 400432 0 0.5 p1 4854 5
910 4855127 m1 604890 0 0.5 p1 4854 2
847 4855405 m2 977565 -0.000261138484 0.5 p1 4855 1
357 4855470 m1 343 0 0.5 p1 4855 1
481 4856171 m2 667196 -0.00608131848 0.5 p1 4855 1
321 4856257 m2 941073 -6.33961317e-05 0.5 p1 4855 3
299 4856326 m1 885089 0 0.5 p1 4855 2
890 4856592 m2 350135 -0.0113411797 0.5 p1 4856 1
411 4856779 m1 261931 0 0.5 p1 4856 2
816 4856921 m2 748061 -0.000696773874 0.5 p1 4856 1
363 4857895 m2 16682 -0.0353496447 0.5 p1 4857 2
1063 4858200 m1 873673 0 0.5 p1 4857 1
332 4858755 m2 964804 -0.00211957935 0.5 p1 4858 4
1172 4859631 m2 748077 -0.00118299015 0.5 p1 4859 1
666 4861189 m1 745448 0 0.5 p1 4860 1
527 4861337 m2 890476 -0.0158461574 0.5 p1 4860 2
8 4861974 m1 31721 0 0.5 p1 4861 3
482 4862446 m1 670817 0 0.5 p1 4861 1
1123 4862834 m1 791672 0 0.5 p1 4862 2
94 4863405 m2 264560 -0.00835665315 0.5 p1 4862 5
1129 4863812 m2 886590 -2.09719819e-05 0.5 p1 4863 2
980 4865172 m2 106669 -0.00329903862 0.5 p1 4864 1
758 4865173 m2 331620 -0.0168539379 0.5 p1 4864 3
1064 4865964 m2 896762 -0.00750403805 0.5 p1 4865 1
732 4866075 m2 165133 -0.000970458961 0.5 p1 4865 4
827 4866518 m2 843338 -0.0225937739 0.5 p1 4866 1
216 4866961 m1 622537 0 0.5 p1 4866 3
958 4867063 m2 947329 -0.000227049939 0.5 p1 4866 3
1159 4867472 m2 422308 -6.04216677e-10 0.5 p1 4867 1
637 4867515 m1 486267 0 0.5 p1 4867 3
656 4867678 m1 614931 0 0.5 p1 4867 4
867 4867692 m1 47754 0 0.5 p1 4867 1
486 4867694 m1 676856 0 0.5 p1 4867 1
409 4868137 m1 251094 0 0.5 p1 4867 3
168 4868433 m1 478983 0 0.5 p1 4868 5
1085 4868874 m1 978428 0 0.5 p1 4868 1
1086 4868875 m1 980475 0 0.5 p1 4868 1
518 4871137 m2 834730 -1.52621553e-07 0.5 p1 4870 3
41 4871216 m1 137390 0 0.5 p1 4870 3
403 4871702 m2 204296 -0.0107244002 0.5 p1 4871 2
934 4872041 m2 735573 -2.02521423e-05 0.5 p1 4871 1
849 4872146 m1 978826 0 0.5 p1 4871 1
1092 4872302 m1 220993 0 0.5 p1 4871 1
501 4872426 m1 777412 0 0.5 p1 4872 2
1141 4874929 m1 69510 0 0.5 p1 4874 1
649 4874936 m2 570171 -0.00224667462 0.5 p1 4874 2
928 4875569 m2 714257 -0.0320426784 0.5 p1 4875 4
477 4876776 m2 641614 -0.00218316237 0.5 p1 4876 5
132 4877464 m1 381696 0 0.5 p1 4877 3
790 4878283 m1 540286 0 0.5 p1 4878 1
716 4878841 m1 40630 0 0.5 p1 4878 3
1043 4879284 m1 672053 0 0.5 p1 4879 1
927 4879405 m1 708781 0 0.5 p1 4879 1
599 4879577 m1 218724 0 0.5 p1 4879 2
432 4880647 m1 423886 0 0.5 p1 4880 4
730 4881174 m2 156274 -2.8981327e-05 0.5 p1 4881 4
623 4881348 m2 433279 -0.031949468 0.5 p1 4881 2
564 4881424 m1 17701 0 0.5 p1 4881 4
1045 4882283 m2 692799 -0.000308001385 0.5 p1 4882 1
450 4882468 m2 519828 -0.000741962227 0.5 p1 4882 4
571 4883781 m1 57426 0 0.5 p1 4883 1
783 4884319 m1 473636 0 0.5 p1 4884 2
949 4884567 m2 889680 -8.05725358e-06 0.5 p1 4884 1
149 4885110 m2 413762 -0.000822811679 0.5 p1 4884 2
743 4885395 m1 258241 0 0.5 p1 4885 2
1004 4885407 m2 352987 -0.00395743223 0.5 p1 4885 1
721 4885413 m1 105037 0 0.5 p1 4885 3
568 4885605 m2 38189 -1.71010921e-08 0.5 p1 4885 1
362 4885974 m2 10673 -0.000467002596 0.5 p1 4885 1
968 4887422 m1 8542 0 0.5 p1 4887 1
815 4887607 m1 744535 0 0.5 p1 4887 1
956 4888050 m1 943110 0 0.5 p1 4887 1
341 4888062 m2 977530 -0.000118904965 0.5 p1 4887 1
1074 4888408 m1 995911 0 0.5 p1 4888 2
1126 4889254 m1 797569 0 0.5 p1 4889 2
1204 4889298 m2 659813 -0.0431078598 0.5 p1 4889 1
1061 4890560 m1 829720 0 0.5 p1 4890 1
330 4890828 m2 959344 -0.0238713454 0.5 p1 4890 2
1149 4890831 m2 181522 -0.000130338783 0.5 p1 4890 1
615 4892244 m1 374169 0 0.5 p1 4892 1
673 4892821 m2 813950 -5.23164781e-05 0.5 p1 4892 1
1009 4892926 m2 379145 -9.24948229e-10 0.5 p1 4892 1
1037 4893179 m2 592382 -0.0431859009 0.5 p1 4893 1
877 4893536 m2 174241 -0.0258217379 0.5 p1 4893 1
931 4893563 m1 724194 0 0.5 p1 4893 2
1051 4893783 m2 746806 -0.00035593193 0.5 p1 4893 1
1121 4894502 m2 752965 -3.10793916e-06 0.5 p1 4894 2
285 4894787 m2 809871 -0.0218221024 0.5 p1 4894 2
1014 4894811 m2 407652 -0.00115139782 0.5 p1 4894 1
412 4894951 m1 282608 0 0.5 p1 4894 1
173 4895264 m1 493003 0 0.5 p1 4895 7
454 4895417 m1 526269 0 0.5 p1 4895 4
658 4895899 m1 631243 0 0.5 p1 4895 1
742 4896033 m2 256743 -0.00160827115 0.5 p1 4895 2
620 4896260 m1 411077 0 0.5 p1 4896 1
1047 4896661 m2 725806 -0.00986336078 0.5 p1 4896 3
1025 4897054 m2 435692 -0.00985248666 0.5 p1 4896 1
551 4897914 m1 961154 0 0.5 p1 4897 1
955 4898431 m2 940720 -1.91299687e-09 0.5 p1 4898 1
857 4898521 m1 8725 0 0.5 p1 4898 1
895 4898925 m1 366817 0 0.5 p1 4898 2
1091 4898976 m2 219297 -0.00380350975 0.5 p1 4898 1
860 4899128 m1 14281 0 0.5 p1 4899 2
388 4899189 m2 167930 -0.00630416907 0.5 p1 4899 5
242 4900120 m2 703777 -0.00058563333 0.5 p1 4900 3
451 4900397 m1 523230 0 0.5 p1 4900 4
455 4900876 m1 526645 0 0.5 p1 4900 1
1179 4900957 m2 841701 -0.0108614536 0.5 p1 4900 1
1188 4901971 m1 916684 0 0.5 p1 4901 1
245 4902462 m1 718020 0 0.5 p1 4902 2
461 4902584 m2 560476 -0.00344098359 0.5 p1 4902 1
268 4903010 m2 786153 -0.000119679513 0.5 p1 4902 2
1090 4903341 m1 215427 0 0.5 p1 4903 1
1007 4903363 m1 370047 0 0.5 p1 4903 1
1148 4903907 m1 178947 0 0.5 p1 4903 1
634 4904661 m2 479294 -0.000281252811 0.5 p1 4904 3
289 4904797 m1 827022 0 0.5 p1 4904 2
1130 4905285 m1 888132 0 0.5 p1 4905 2
1122 4905501 m1 771057 0 0.5 p1 4905 2
954 4905674 m2 939892 -0.0281136334 0.5 p1 4905 1
973 4905736 m1 65618 0 0.5 p1 4905 1
567 4905805 m2 25890 -0.00084777805 0.5 p1 4905 1
1100 4906115 m1 344620 0 0.5 p1 4905 2
1005 4906414 m1 361374 0 0.5 p1 4906 1
1011 4906624 m2 388639 -0.00739481859 0.5 p1 4906 1
1156 4906808 m2 260137 -0.0128572304 0.5 p1 4906 1
1022 4907053 m2 431785 -2.59693043e-05 0.5 p1 4906 1
785 4907230 m2 512756 -4.7698657e-05 0.5 p1 4907 1
660 4907329 m1 666900 0 0.5 p1 4907 1
937 4907663 m2 764593 -8.98480721e-05 0.5 p1 4907 1
720 4908401 m1 101475 0 0.5 p1 4908 3
1140 4908610 m2 69476 -0.0104789324 0.5 p1 4908 1
453 4909105 m1 524305 0 0.5 p1 4909 5
661 4909444 m1 672459 0 0.5 p1 4909 1
465 4909453 m2 591637 -1.46884395e-06 0.5 p1 4909 1
586 4909666 m1 125819 0 0.5 p1 4909 1
421 4909668 m2 386598 -0.000503610994 0.5 p1 4909 2
1000 4909865 m1 326947 0 0.5 p1 4909 1
410 4909940 m1 258591 0 0.5 p1 4909 2
1203 4910051 m1 658177 0 0.5 p1 4909 1
903 4910211 m2 565875 -0.00160892517 0.5 p1 4910 2
873 4910629 m2 158230 -0.0293193404 0.5 p1 4910 1
516 4910644 m2 821158 -0.00142546475 0.5 p1 4910 2
959 4910893 m1 953600 0 0.5 p1 4910 1
253 4911185 m1 736681 0 0.5 p1 4911 5
146 4912139 m1 411929 0 0.5 p1 4912 2
347 4912548 m1 981747 0 0.5 p1 4912 3
441 4912569 m1 481772 0 0.5 p1 4912 1
728 4912585 m1 143008 0 0.5 p1 4912 3
738 4912736 m2 246770 -7.42246993e-05 0.5 p1 4912 2
865 4913037 m2 43053 -7.17540606e-05 0.5 p1 4912 1
368 4913285 m2 36445 -0.000184437682 0.5 p1 4913 1
546 4913530 m2 933192 -0.0183752123 0.5 p1 4913 1
252 4913661 m1 728516 0 0.5 p1 4913 3
992 4913847 m2 259138 -2.40116265e-06 0.5 p1 4913 1
1087 4914137 m1 998819 0 0.5 p1 4914 1
997 4914813 m1 325208 0 0.5 p1 4914 1
452 4914959 m2 523666 -0.000682183541 0.5 p1 4914 4
1094 4914986 m2 250279 -0.000793487998 0.5 p1 4914 1
993 4914987 m2 274332 -0.000138698088 0.5 p1 4914 2
1136 4915241 m2 19279 -0.000632805401 0.5 p1 4915 1
531 4915255 m2 901020 -3.01973214e-05 0.5 p1 4915 2
819 4915488 m2 757694 -8.34530098e-08 0.5 p1 4915 1
1104 4915966 m1 425379 0 0.5 p1 4915 1
709 4916511 m1 2408 0 0.5 p1 4916 3
1 4916534 m2 1081 -0.0389194414 0.5 p1 4916 2
740 4916609 m1 253313 0 0.5 p1 4916 2
597 4917554 m1 201324 0 0.5 p1 4917 4
1095 4917784 m1 256546 0 0.5 p1 4917 1
393 4917873 m2 185761 -0.0041275355 0.5 p1 4917 2
756 4917925 m1 329040 0 0.5 p1 4917 2
939 4918303 m2 765904 -0.000162439508 0.5 p1 4918 1
258 4919205 m1 750099 0 0.5 p1 4919 3
746 4920454 m1 273503 0 0.5 p1 4920 2
761 4921393 m2 337116 -1.18602486e-06 0.5 p1 4921 2
390 4921506 m2 175320 -4.33981631e-06 0.5 p1 4921 5
364 4921538 m1 22625 0 0.5 p1 4921 2
67 4921614 m2 199363 -7.34964269e-05 0.5 p1 4921 2
652 4922359 m2 595473 -0.00601198804 0.5 p1 4922 1
436 4922588 m1 458743 0 0.5 p1 4922 2
778 4923252 m1 431732 0 0.5 p1 4923 2
1053 4923687 m2 785775 -0.000252514496 0.5 p1 4923 2
848 4923826 m2 978791 -0.000220164773 0.5 p1 4923 1
820 4924237 m2 759240 -0.00929515343 0.5 p1 4924 1
579 4924913 m1 97911 0 0.5 p1 4924 1
89 4924963 m2 250862 -0.000118979035 0.5 p1 4924 2
646 4925409 m2 550438 -0.000899002946 0.5 p1 4925 3
236 4925426 m1 680486 0 0.5 p1 4925 5
1042 4925472 m2 644317 -0.000327559013 0.5 p1 4925 2
1139 4925558 m1 39045 0 0.5 p1 4925 1
1198 4925872 m1 532996 0 0.5 p1 4925 1
143 4925885 m1 407563 0 0.5 p1 4925 2
894 4926816 m2 365869 -0.00016742709 0.5 p1 4926 1
589 4927163 m2 130953 -4.96683933e-05 0.5 p1 4927 1
383 4927263 m1 134902 0 0.5 p1 4927 2
80 4927684 m1 233875 0 0.5 p1 4927 4
484 4928001 m1 674614 0 0.5 p1 4927 1
830 4928103 m1 864691 0 0.5 p1 4927 1
961 4928104 m2 956575 -0.000385876891 0.5 p1 4927 1
729 4928354 m2 146678 -1.96341574e-08 0.5 p1 4928 3
788 4928355 m1 520250 0 0.5 p1 4928 1
650 4928623 m1 573524 0 0.5 p1 4928 2
400 4928888 m1 198755 0 0.5 p1 4928 1
1010 4928889 m2 386297 -0.00094535778 0.5 p1 4928 1
945 4929649 m1 830154 0 0.5 p1 4929 3
705 4929740 m1 984894 0 0.5 p1 4929 3
563 4929987 m1 17237 0 0.5 p1 4929 1
1160 4930032 m1 583390 0 0.5 p1 4929 1
494 4930296 m2 716275 -5.25501055e-05 0.5 p1 4930 3
399 4930485 m2 193826 -1.51303302e-05 0.5 p1 4930 1
535 4930837 m2 902634 -0.000607035472 0.5 p1 4930 3
1153 4931522 m1 215040 0 0.5 p1 4931 1
640 4932427 m2 504347 -0.00051982695 0.5 p1 4932 6
884 4932481 m1 298911 0 0.5 p1 4932 1
940 4932699 m1 767655 0 0.5 p1 4932 1
1152 4932841 m2 214209 -0.0365546271 0.5 p1 4932 1
893 4933184 m1 364328 0 0.5 p1 4932 1
1185 4933188 m2 884625 -0.00172096794 0.5 p1 4932 1
768 4933223 m2 382264 -0.000526577234 0.5 p1 4933 4
503 4933316 m1 777936 0 0.5 p1 4933 2
598 4933607 m2 210343 -4.79900952e-10 0.5 p1 4933 2
1013 4933826 m1 398972 0 0.5 p1 4933 1
614 4934062 m1 370746 0 0.5 p1 4933 1
442 4934447 m1 485869 0 0.5 p1 4934 1
1017 4935126 m1 423098 0 0.5 p1 4934 1
922 4935573 m2 671419 -0.0571289472 0.5 p1 4935 1
1193 4935586 m1 944951 0 0.5 p1 4935 1
31 4935593 m2 107782 -0.00708709657 0.5 p1 4935 4
601 4935858 m1 241087 0 0.5 p1 4935 2
784 4936159 m2 485179 -0.0029615052 0.5 p1 4935 2
466 4936775 m2 597395 -0.0127397329 0.5 p1 4936 1
148 4936865 m2 412199 -0.00884609297 0.5 p1 4936 2
81 4936979 m2 234150 -0.00208276487 0.5 p1 4936 2
178 4937134 m2 516599 -0.000577377388 0.5 p1 4936 5
703 4937378 m2 982564 -3.03809411e-05 0.5 p1 4937 1
125 4937487 m1 356780 0 0.5 p1 4937 2
974 4938472 m2 65797 -4.55396403e-05 0.5 p1 4938 1
111 4938791 m2 303804 -0.0806461424 0.5 p1 4938 2
1002 4939459 m2 340115 -0.00151361118 0.5 p1 4939 1
1036 4940269 m2 583305 -5.22709488e-05 0.5 p1 4940 1
727 4940400 m2 139960 -0.000156499344 0.5 p1 4940 3
984 4940598 m1 120162 0 0.5 p1 4940 1
600 4940599 m1 240589 0 0.5 p1 4940 2
836 4941049 m2 917883 -0.00016186983 0.5 p1 4941 1
950 4941235 m1 894011 0 0.5 p1 4941 1
683 4941386 m1 902316 0 0.5 p1 4941 1
171 4941594 m2 488289 -0.00771125406 0.5 p1 4941 2
1190 4941810 m1 935711 0 0.5 p1 4941 1
226 4942199 m2 642042 -0.00488123763 0.5 p1 4942 3
1133 4942546 m2 922727 -0.0795934275 0.5 p1 4942 2
904 4942547 m1 568612 0 0.5 p1 4942 2
279 4942731 m2 800362 -4.28101412e-05 0.5 p1 4942 2
1034 4942751 m2 578980 -0.0783182159 0.5 p1 4942 1
804 4942830 m2 658248 -0.0190844275 0.5 p1 4942 3
470 4943007 m2 614688 -0.00942291506 0.5 p1 4942 1
1124 4943435 m1 792345 0 0.5 p1 4943 2
617 4943801 m2 376328 -0.00796160754 0.5 p1 4943 1
618 4943802 m2 401571 -5.46046704e-06 0.5 p1 4943 1
1180 4944281 m2 843415 -0.000406390434 0.5 p1 4944 1
295 4944340 m1 865029 0 0.5 p1 4944 2
376 4944371 m2 75896 -0.00178172311 0.5 p1 4944 4
1155 4944381 m1 253329 0 0.5 p1 4944 1
770 4944458 m2 392888 -0.0201937556 0.5 p1 4944 4
1015 4944594 m2 416350 -0.00033671892 0.5 p1 4944 1
801 4944847 m2 600332 -0.000136419432 0.5 p1 4944 1
544 4945131 m1 926186 0 0.5 p1 4945 2
573 4945325 m1 74989 0 0.5 p1 4945 1
425 4945519 m1 397543 0 0.5 p1 4945 1
714 4945542 m1 37270 0 0.5 p1 4945 3
777 4946068 m1 429351 0 0.5 p1 4945 2
912 4946109 m1 626496 0 0.5 p1 4946 1
49 4946348 m2 167762 -0.0584564395 0.5 p1 4946 3
186 4946374 m1 540674 0 0.5 p1 4946 2
1154 4946395 m2 236960 -0.034459766 0.5 p1 4946 1
77 4947192 m2 227488 -0.147027299 0.5 p1 4947 2
1028 4947272 m1 518177 0 0.5 p1 4947 2
991 4947621 m1 235044 0 0.5 p1 4947 1
841 4948170 m2 943688 -0.0120884161 0.5 p1 4948 1
619 4948391 m2 406219 -0.000362013729 0.5 p1 4948 1
998 4948644 m2 325686 -0.00315548037 0.5 p1 4948 1
832 4948718 m1 874356 0 0.5 p1 4948 1
678 4948888 m2 887582 -0.00160784076 0.5 p1 4948 2
817 4948907 m1 752958 0 0.5 p1 4948 1
286 4949194 m2 813969 -0.000302744331 0.5 p1 4949 2
1127 4949231 m1 827628 0 0.5 p1 4949 2
1093 4949445 m1 241312 0 0.5 p1 4949 1
921 4949721 m1 669869 0 0.5 p1 4949 1
1142 4949793 m1 80904 0 0.5 p1 4949 1
664 4949985 m1 700542 0 0.5 p1 4949 2
885 4950307 m1 302801 0 0.5 p1 4950 1
566 4950337 m1 22205 0 0.5 p1 4950 1
52 4950359 m2 172894 -0.000280556385 0.5 p1 4950 3
794 4950789 m2 555304 -0.00841058046 0.5 p1 4950 1
688 4951710 m2 931720 -0.0502302386 0.5 p1 4951 1
82 4951883 m1 234777 0 0.5 p1 4951 2
415 4951884 m2 328313 -6.86568019e-05 0.5 p1 4951 1
807 4952936 m1 673941 0 0.5 p1 4952 3
965 4953248 m2 1140 -0.00135993701 0.5 p1 4953 1
185 4953543 m1 538284 0 0.5 p1 4953 2
872 4953704 m2 143131 -0.00483714137 0.5 p1 4953 1
889 4953705 m1 346477 0 0.5 p1 4953 1
304 4953950 m1 894215 0 0.5 p1 4953 2
613 4954670 m1 325034 0 0.5 p1 4954 1
791 4955025 m2 552561 -0.00651408779 0.5 p1 4954 1
796 4955026 m2 562601 -7.85652173e-06 0.5 p1 4954 1
733 4955469 m2 171145 -0.00100272708 0.5 p1 4955 3
734 4955470 m1 171868 0 0.5 p1 4955 3
809 4955999 m1 710494 0 0.5 p1 4955 1
813 4956006 m1 736578 0 0.5 p1 4955 1
710 4956359 m2 6294 -0.000359701866 0.5 p1 4956 3
948 4956433 m2 878589 -0.00593269989 0.5 p1 4956 1
657 4957398 m2 618011 -0.000453229586 0.5 p1 4957 3
278 4957569 m2 798210 -0.0048199743 0.5 p1 4957 2
464 4957716 m2 590266 -3.85420135e-05 0.5 p1 4957 1
115 4957823 m2 307962 -0.00469633937 0.5 p1 4957 4
217 4958216 m1 623783 0 0.5 p1 4958 2
897 4958620 m2 419195 -0.00485878671 0.5 p1 4958 2
789 4958648 m2 536673 -0.0174937602 0.5 p1 4958 1
837 4958825 m2 923397 -0.0207206048 0.5 p1 4958 1
821 4958870 m2 769154 -2.95618577e-07 0.5 p1 4958 1
744 4959422 m1 263342 0 0.5 p1 4959 2
1101 4959660 m1 345361 0 0.5 p1 4959 2
1132 4959814 m1 909631 0 0.5 p1 4959 2
59 4960003 m1 186710 0 0.5 p1 4959 3
1046 4960505 m2 695440 -0.0214638337 0.5 p1 4960 1
1171 4960754 m2 745181 -6.41710067e-05 0.5 p1 4960 1
691 4960829 m2 945655 -0.000124315906 0.5 p1 4960 1
831 4960876 m1 871771 0 0.5 p1 4960 1
1052 4961579 m2 766386 -0.00664624711 0.5 p1 4961 1
675 4962290 m1 829437 0 0.5 p1 4962 1
353 4962302 m1 990972 0 0.5 p1 4962 2
800 4962322 m2 591014 -0.000947036897 0.5 p1 4962 1
523 4962794 m1 882680 0 0.5 p1 4962 1
752 4963110 m1 284242 0 0.5 p1 4962 2
971 4963254 m1 24168 0 0.5 p1 4963 2
260 4963413 m1 754135 0 0.5 p1 4963 2
196 4963485 m2 560493 -0.0115169035 0.5 p1 4963 1
653 4963672 m1 600589 0 0.5 p1 4963 3
50 4964005 m2 167810 -0.00478657242 0.5 p1 4963 3
923 4964407 m1 697300 0 0.5 p1 4964 1
1134 4964408 m1 955157 0 0.5 p1 4964 2
932 4964456 m1 725819 0 0.5 p1 4964 1
982 4964595 m1 110528 0 0.5 p1 4964 1
881 4965178 m1 282106 0 0.5 p1 4964 1
1018 4965216 m1 424387 0 0.5 p1 4965 1
1098 4965415 m2 275681 -0.00494883023 0.5 p1 4965 1
988 4965786 m2 165684 -0.000484977645 0.5 p1 4965 1
825 4965963 m2 796128 -8.91919335e-05 0.5 p1 4965 1
763 4965980 m1 365060 0 0.5 p1 4965 2
900 4966342 m2 475180 -0.00111030985 0.5 p1 4966 2
565 4966432 m1 21515 0 0.5 p1 4966 1
616 4966523 m2 375945 -0.0429084934 0.5 p1 4966 1
757 4966757 m1 331328 0 0.5 p1 4966 2
1128 4967172 m2 883752 -0.0186301041 0.5 p1 4966 2
1197 4967578 m2 525675 -0.0982783958 0.5 p1 4967 1
569 4967809 m1 56150 0 0.5 p1 4967 1
85 4968080 m1 241815 0 0.5 p1 4967 2
723 4968195 m1 120263 0 0.5 p1 4968 3
953 4968487 m2 911955 -0.00398738403 0.5 p1 4968 1
776 4968976 m2 423066 -0.0154775279 0.5 p1 4968 2
883 4969146 m2 289485 -0.00134867115 0.5 p1 4968 1
1077 4969149 m1 465641 0 0.5 p1 4968 1
1084 4969408 m2 972900 -0.0439679287 0.5 p1 4969 1
391 4969857 m1 182733 0 0.5 p1 4969 2
1029 4970221 m2 521884 -0.0418437086 0.5 p1 4969 1
772 4970234 m2 396330 -0.0223859306 0.5 p1 4970 2
1186 4970516 m1 892444 0 0.5 p1 4970 1
272 4970771 m1 790071 0 0.5 p1 4970 2
797 4971441 m1 568074 0 0.5 p1 4971 1
994 4972677 m2 300046 -0.000203641845 0.5 p1 4972 1
367 4973074 m1 36206 0 0.5 p1 4972 1
511 4973797 m1 809431 0 0.5 p1 4973 1
737 4973903 m2 237463 -1.42248673e-05 0.5 p1 4973 2
759 4973904 m2 332332 -0.000340692903 0.5 p1 4973 2
545 4974020 m2 929095 -0.16908735 0.5 p1 4973 1
818 4974097 m1 753749 0 0.5 p1 4973 1
413 4974377 m1 303086 0 0.5 p1 4974 1
930 4974447 m1 721887 0 0.5 p1 4974 1
672 4974452 m1 813396 0 0.5 p1 4974 1
913 4974490 m1 632884 0 0.5 p1 4974 1
1202 4974596 m2 652708 -0.150971785 0.5 p1 4974 1
137 4974795 m2 391947 -0.00462095533 0.5 p1 4974 2
553 4975020 m2 970467 -0.00239909743 0.5 p1 4974 1
694 4975592 m1 949902 0 0.5 p1 4975 1
1040 4975593 m2 636865 -0.0644937456 0.5 p1 4975 1
899 4975630 m2 429970 -0.00368249463 0.5 p1 4975 1
1170 4975921 m1 734644 0 0.5 p1 4975 1
1167 4976117 m2 685940 -0.0621293485 0.5 p1 4975 1
880 4976692 m1 213730 0 0.5 p1 4976 1
590 4976865 m2 136983 -0.0473758169 0.5 p1 4976 1
1059 4977087 m2 809073 -0.000523422903 0.5 p1 4976 1
726 4977240 m1 125872 0 0.5 p1 4977 3
920 4977317 m1 650383 0 0.5 p1 4977 1
665 4977437 m2 736824 -6.64305446e-07 0.5 p1 4977 1
1138 4978476 m2 33061 -0.000433159352 0.5 p1 4978 1
718 4978689 m1 49001 0 0.5 p1 4978 3
864 4979152 m1 39809 0 0.5 p1 4978 1
548 4979173 m2 951211 -0.020048527 0.5 p1 4979 1
1065 4979687 m2 929448 -5.2080286e-05 0.5 p1 4979 1
1076 4979692 m1 453903 0 0.5 p1 4979 1
1137 4979844 m1 25276 0 0.5 p1 4979 1
834 4980139 m1 886815 0 0.5 p1 4979 1
379 4980219 m1 92060 0 0.5 p1 4980 1
882 4980251 m1 286909 0 0.5 p1 4980 1
306 4980845 m2 901215 -6.89006185e-07 0.5 p1 4980 2
517 4980971 m1 827189 0 0.5 p1 4980 1
506 4981276 m2 786108 -3.3360979e-07 0.5 p1 4981 1
824 4981316 m2 787627 -0.0921697617 0.5 p1 4981 1
29 4981340 m2 99391 -0.00248347619 0.5 p1 4981 2
134 4981857 m1 388667 0 0.5 p1 4981 2
887 4982068 m2 314840 -0.00531943049 0.5 p1 4981 1
957 4982167 m2 946216 -0.0130747398 0.5 p1 4981 1
1054 4982289 m2 795469 -0.00292752334 0.5 p1 4982 1
426 4982341 m1 410291 0 0.5 p1 4982 1
995 4982493 m1 322206 0 0.5 p1 4982 1
1012 4982494 m1 394533 0 0.5 p1 4982 1
55 4982516 m2 180506 -0.00431159232 0.5 p1 4982 3
643 4982532 m1 511500 0 0.5 p1 4982 1
1032 4982776 m2 574987 -4.1142921e-05 0.5 p1 4982 1
1181 4982817 m2 857190 -0.0140649537 0.5 p1 4982 1
1026 4983555 m2 439889 -0.296533227 0.5 p1 4983 1
1114 4984499 m2 626083 -0.00964212976 0.5 p1 4984 2
1143 4984522 m2 95330 -0.000999879907 0.5 p1 4984 1
941 4984722 m2 796279 -0.0159651842 0.5 p1 4984 1
942 4984723 m1 803618 0 0.5 p1 4984 1
1096 4985016 m1 259259 0 0.5 p1 4984 1
371 4985064 m1 47341 0 0.5 p1 4984 1
1060 4985370 m2 825527 -0.00136770203 0.5 p1 4985 1
1178 4985606 m2 814693 -0.027076479 0.5 p1 4985 1
1147 4986210 m2 175170 -0.146649107 0.5 p1 4985 1
1102 4986636 m1 397659 0 0.5 p1 4986 1
607 4986638 m2 279899 -9.76532392e-05 0.5 p1 4986 1
996 4986858 m1 322604 0 0.5 p1 4986 1
1150 4986925 m2 198643 -0.0200866964 0.5 p1 4986 1
711 4987071 m1 28174 0 0.5 p1 4986 3
500 4987459 m2 773865 -0.00731560029 0.5 p1 4987 1
1115 4987553 m1 680558 0 0.5 p1 4987 2
1118 4987554 m1 715114 0 0.5 p1 4987 2
1169 4987655 m1 730500 0 0.5 p1 4987 1
1089 4987699 m1 187733 0 0.5 p1 4987 1
1109 4987700 m2 515929 -0.0119919628 0.5 p1 4987 1
674 4988207 m2 819222 -0.0890818089 0.5 p1 4987 1
1106 4988353 m2 448415 -0.0585839897 0.5 p1 4988 1
835 4988445 m1 901493 0 0.5 p1 4988 1
1050 4988646 m2 736356 -0.00379378814 0.5 p1 4988 1
1116 4988693 m2 685639 -0.298687279 0.5 p1 4988 2
874 4988737 m1 161795 0 0.5 p1 4988 1
1196 4988890 m2 983220 -0.0426687002 0.5 p1 4988 1
1070 4989372 m1 964441 0 0.5 p1 4989 1
641 4989395 m2 504491 -6.5728118e-06 0.5 p1 4989 1
1016 4989475 m1 417423 0 0.5 p1 4989 1
502 4989601 m2 777723 -0.0979663655 0.5 p1 4989 1
526 4989602 m2 889821 -0.174403489 0.5 p1 4989 1
369 4989888 m2 42806 -0.0900332183 0.5 p1 4989 1
638 4990470 m1 494761 0 0.5 p1 4990 1
642 4990471 m2 507371 -0.0448025204 0.5 p1 4990 1
1067 4990730 m2 957187 -0.000457688875 0.5 p1 4990 1
933 4991068 m1 732453 0 0.5 p1 4990 1
374 4991435 m1 67825 0 0.5 p1 4991 1
1035 4991851 m2 580361 -0.0286448784 0.5 p1 4991 1
1187 4991900 m2 912688 -0.0413471721 0.5 p1 4991 1
925 4992007 m2 698217 -0.0204471834 0.5 p1 4991 1
1097 4992207 m2 270683 -1.86787365e-05 0.5 p1 4992 1
888 4992444 m1 325947 0 0.5 p1 4992 1
676 4992579 m1 844494 0 0.5 p1 4992 1
199 4992732 m2 576362 -0.00989226904 0.5 p1 4992 1
826 4992751 m2 806401 -0.00917691644 0.5 p1 4992 1
462 4992960 m2 582161 -0.00930337515 0.5 p1 4992 1
1146 4993068 m1 152979 0 0.5 p1 4992 1
1027 4993107 m2 506177 -0.142370105 0.5 p1 4992 1
886 4993264 m2 307026 -0.000204707656 0.5 p1 4993 1
1168 4993383 m1 713828 0 0.5 p1 4993 1
1184 4993384 m2 879366 -0.0679639578 0.5 p1 4993 1
1030 4993585 m1 552962 0 0.5 p1 4993 1
898 4993795 m2 428705 -0.00967957173 0.5 p1 4993 1
1062 4993877 m2 872929 -0.214306355 0.5 p1 4993 1
1107 4994106 m2 470912 -0.12233261 0.5 p1 4994 1
162 4994418 m2 446090 -0.00371406483 0.5 p1 4994 1
1001 4995006 m2 327931 -0.0925186127 0.5 p1 4994 1
519 4995237 m2 855790 -0.000978215015 0.5 p1 4995 1
1033 4995338 m2 575618 -0.0267069824 0.5 p1 4995 1
591 4995624 m1 142099 0 0.5 p1 4995 1
1145 4995631 m1 104526 0 0.5 p1 4995 1
1151 4995632 m1 198788 0 0.5 p1 4995 1
209 4995665 m2 602321 -0.126480088 0.5 p1 4995 2
1078 4995700 m1 508469 0 0.5 p1 4995 1
1079 4995701 m1 518600 0 0.5 p1 4995 1
986 4995850 m2 122387 -0.00133055972 0.5 p1 4995 1
951 4996127 m2 902358 -0.043186184 0.5 p1 4996 1
985 4996338 m2 121906 -0.00343729323 0.5 p1 4996 1
1031 4996339 m2 569230 -0.000564139627 0.5 p1 4996 1
1108 4996669 m2 490300 -0.000400481775 0.5 p1 4996 1
375 4996973 m2 73878 -0.0959817916 0.5 p1 4996 1
1117 4997132 m1 704251 0 0.5 p1 4997 2
1144 4997546 m1 95488 0 0.5 p1 4997 1
645 4997769 m1 548726 0 0.5 p1 4997 1
814 4997989 m1 740965 0 0.5 p1 4997 1
987 4998032 m2 153317 -0.0146903964 0.5 p1 4997 1
989 4998251 m2 195415 -0.000264936156 0.5 p1 4998 1
1006 4998252 m2 363004 -0.0382687636 0.5 p1 4998 1
1048 4998253 m2 735396 -0.12689513 0.5 p1 4998 1
719 4998278 m2 98698 -0.334359825 0.5 p1 4998 3
892 4998373 m1 361189 0 0.5 p1 4998 1
1161 4998402 m1 583629 0 0.5 p1 4998 1
1075 4998931 m2 275698 -0.0160150081 0.5 p1 4998 1
205 4999341 m2 592588 -0.000739426527 0.5 p1 4999 1
1082 4999373 m2 689160 -0.143650308 0.5 p1 4999 1
562 4999589 m2 9071 -0.0200040508 0.5 p1 4999 1
592 4999590 m2 146828 -0.0172638446 0.5 p1 4999 1
530 4999600 m2 899964 -0.0222638398 0.5 p1 4999 1
977 4999865 m1 75610 0 0.5 p1 4999 1
1049 4999866 m2 736211 -2.10545204e-05 0.5 p1 4999 1
1088 5000070 m2 125037 -1.85810492e-07 0.5 p1 4999 2
1103 5000071 m2 403647 -0.0415580384 0.5 p1 4999 1
1110 5000109 m2 580498 -2.06206187e-05 0.5 p1 5000 1
963 5000216 m2 985860 -0.0152896065 0.5 p1 5000 1
497 5000468 m2 755811 -0.172233626 0.5 p1 5000 1
1189 5000572 m1 926346 0 0.5 p1 5000 1
79 5000578 m2 233003 -0.0464770757 0.5 p1 5000 1
972 5000999 m2 35328 -0.241667673 0.5 p1 5000 1
981 5001000 m1 107312 0 0.5 p1 5000 1

